   3.4078481e+01   4.6759617e+01   2.6228451e+02
  -2.9481368e+00   1.5150624e+02   1.9161607e+02
   2.6717767e+02   1.3083493e+02   7.0807304e+01
   1.2210996e+02   4.0928234e+01   6.5952126e+00
   1.3354103e+02   1.4236775e+02   3.5730065e+02
   2.0273353e+02   1.4049623e+02   6.2883460e+00
   2.7079622e+02   1.2157522e+01   3.3058181e+02
   2.2019040e+02   1.0841927e+02   7.7497188e+01
   3.0586904e+02   8.8936116e+01   5.1291765e+01
   2.3412678e+02   8.6111679e+01   1.2703895e+02
   2.0103596e+02   1.3191877e+02   8.6107952e+01
   1.7303483e-01   2.8172596e+01   5.6965581e+01
   1.2721392e+02   7.5845789e+01   3.2624821e+02
   2.1390127e+02   8.9457032e+01   3.0875163e+02
   3.2146733e+02   1.5741616e+02   1.3322603e+02
   2.0055173e+02   1.3068155e+02   2.6535378e+02
   3.5190499e+01   1.3131962e+02   1.0799256e+01
   2.6115147e+02   5.6336685e+01   2.0191478e+02
   2.0672871e+02   1.5875122e+02   7.8556037e+01
   1.9286042e+02   9.1103545e+01   3.3054039e+02
   1.6751479e+02   6.0400866e+01   1.8650302e+02
   2.8429105e+02   5.7764888e+01   5.6449421e+01
   1.0820370e+02   1.1277371e+02   2.9891818e+02
   2.2345762e+01   9.0441215e+01   5.2847305e+01
   3.0126205e+02   1.2729812e+02   2.7052552e+02
   9.6637839e+01   8.9843835e+01   1.2372329e+02
   2.3522148e+01   1.1977329e+02   1.0819951e+02
   2.3081442e+02   1.6024486e+02   2.2369921e+02
   2.3690599e+01   4.5512068e+01   8.0449128e+01
  -1.3212383e+01   9.8181816e+01   2.2008663e+02
   3.1376255e+02   1.3413516e+02   2.8471152e+02
   1.0633325e+02   8.0529142e+01   2.1923789e+02
   1.4965912e+02   1.4918130e+02   2.1457240e+02
   8.9216127e+01   6.8640367e+01   1.0559615e+01
   4.9302123e+01   9.8178767e+01   3.1869954e+02
   2.6184598e+02   4.1889528e+01   1.3941069e+02
   3.3613156e+01   1.5446877e+02   3.3979238e+02
   1.0548339e+02   8.0138815e+01   2.8897746e+01
   2.9173407e+02   1.4921666e+02   2.3751100e+02
   1.5345479e+02   2.8790829e+01   7.8682120e+01
   2.6881478e+02   1.0503116e+02   3.3527949e+02
   2.3050851e+02   1.2946066e+02   3.1893179e+02
   1.2490752e+02   1.5089088e+02   2.5501680e+02
   2.9719397e+02   1.1028755e+02   1.5929507e+02
   5.0289750e+01   4.3851800e+01   2.9290723e+02
   1.0121874e+01   1.2538281e+02   3.4032642e+02
   6.1513287e+01   7.9024263e+01   3.0789244e+02
   1.8019531e+02   1.3003884e+02   7.7572354e+01
   1.0067415e+02   9.2254605e+01   5.1999964e+01
   3.3146621e+02   9.9159738e+01   6.6956537e+01
   1.4116013e+02   8.9768624e+01   1.2715560e+02
   3.0791781e+02   1.3822682e+02   9.5526278e+01
   2.2099023e+02   9.0994163e+01   4.0113932e+01
   1.4504858e+02   1.3793895e+02   9.4887342e+01
   2.1672451e+02   9.5547286e+01   4.3215806e+01
   1.9940109e+02   1.0743317e+02   2.0379978e+02
   3.1991707e+02   1.3308362e+02   1.8280986e+02
   5.2461729e+01   7.7274006e+01   5.2115891e+01
   2.5663732e+02   1.3792340e+02   6.6532435e+01
   2.7116911e+00   1.3658306e+02   2.4985952e+02
   2.3422805e+02   8.5957610e+01   1.6761408e+02
   1.4481333e+02   1.0182961e+02   6.5977998e+01
   2.0667009e+02   7.8763754e+01   2.1291130e+02
   1.1275289e+02   9.7385318e+01   2.9809866e+02
   2.9943784e+02   3.4532844e+01   5.2470184e+00
   4.5192031e+01   1.0828002e+02   2.8115894e+02
   2.1855884e+02   1.2810750e+02   2.3596950e+02
   9.6120974e+01   1.0170162e+02   3.3191705e+02
   7.4223992e+01   1.7184179e+02   2.1617328e+01
   1.2313744e+02   5.2081638e+01   1.8535897e+02
   1.0332557e+02   8.2248358e+01   3.1957609e+02
   1.7064040e+02   1.3720582e+02   2.4748396e+02
   3.1763726e+01   9.4143668e+01   3.0615894e+02
   1.8887776e+02   8.5789523e+01   2.3826804e+02
   2.4479196e+02   1.3331147e+02   1.9180939e+01
   1.0424485e+02   9.8325733e+01   2.7479638e+02
   3.4161280e+02   3.2524702e+01   1.2474007e+01
   6.1723761e-02   1.4658140e+02   2.6492531e+02
   3.1620177e+02   1.3912748e+02   2.5895484e+02
   2.2173670e+02   9.1035213e+01   1.3887628e+02
   2.1603103e+02   9.9751667e+01   5.1872348e+01
   9.9679859e+01   4.9163143e+01   3.2318643e+02
   4.6735840e+01   1.3533924e+01   2.5460413e+02
   2.7010235e+02   4.4577471e+01   3.2206436e+01
   3.1156184e+02   1.2335075e+02   2.6526261e+02
   3.7036655e+00   1.2670963e+02   1.2017694e+02
   2.7008486e+02   1.1035720e+02   4.9808054e+01
   1.0436160e+01   3.1515607e+01   9.0165051e+01
   2.9518946e+02   4.6685935e+01   8.6122387e+01
   2.3313519e+01   1.4991490e+02   3.4958774e+02
   4.7592865e+01   5.3546165e+01   3.4957577e+02
  -9.6594529e+00   6.5009056e+01   2.9050128e+02
   8.7831321e+01   1.0663603e+02   3.3230657e+02
  -1.2347529e+01   1.0039756e+02   2.4560820e+02
   2.0883202e+02   1.2207806e+02   3.5954152e+02
   2.5932399e+02   1.5021903e+02   2.3184173e+02
   1.3776562e+02   4.6293767e+01   2.6373107e+02
   1.1583211e+02   9.1022934e+01   5.0731833e+01
   9.7676116e+00   1.3854055e+02   8.1448372e+01
   3.0177344e+02   4.7645774e+01   1.7882973e+02
   2.7134846e+02   1.1395443e+02   3.5707452e+02
   8.0634403e+01   3.7458612e+01   2.6066573e+02
   2.5284275e+01   4.6334224e+01   9.0424620e+01
   2.0941899e+02   1.1276818e+02   1.3676533e+02
   3.9638690e+00   1.0077129e+02   2.8642093e+01
   1.1555238e+02   8.4125779e+01   2.2051358e+02
   2.5037303e+02   4.4478880e+01   2.6373143e+02
   1.0652180e+02   9.2673247e+01   1.8494443e+02
   2.3046361e+02   8.9553769e+01   1.8804521e+02
   1.0091622e+02   6.8677805e+01   2.9316822e+02
   2.0941313e+02   3.7579714e+01   8.0689019e+01
   6.1943146e+01   1.1625635e+02   3.0046398e+02
   5.8792972e+01   1.3229508e+02   1.1772594e+02
   2.2331668e+02   9.4405734e+01   2.3896749e+02
   2.2355442e+02   5.0114529e+01   3.4086691e+02
   1.2254718e+02   1.3645660e+02   3.5417882e+02
   2.1686619e+02   9.9575918e+01   5.2705836e+01
   3.0213033e+02   1.2168082e+02   1.7256325e+02
   2.8131192e+02   9.3381864e+01   1.2745250e+02
  -1.4579219e+01   5.2553240e+00   1.7515925e+02
   2.9517305e+02   4.2688070e+01   8.1287331e+01
   1.1986029e+02   3.3244311e+01   1.0259750e+02
   9.3564458e+00   1.3007625e+02   1.7334631e+02
   2.0028681e+02   1.4164157e+02   2.5997821e+02
   2.5561674e+02   5.9764243e+01   6.4886208e+01
   2.1833321e+02   7.0578269e+01   2.2342915e+02
   3.1303779e+02   1.2215679e+02   7.9023517e+01
   2.5037910e+02   3.0084729e+01   6.4291725e+01
   1.8464112e+02   6.4906677e+01   2.1517022e+02
   3.4358877e+02   7.3271557e+01   3.5090166e+02
   1.2244191e+02   3.1576322e+01   3.3391107e+02
   2.9157194e+02   5.8576221e+01   1.9941295e+02
   3.2928610e+02   1.3315609e+02   1.0402408e+02
   5.1300388e+01   4.6047853e+01   8.1193571e+01
   8.4729495e+01   1.5697050e+01   2.7601093e+02
   5.0346899e+01   9.1507534e+01   7.8553985e+01
   3.1211270e+02   4.0214141e+01   2.6982255e+02
   3.2183697e+02   3.0086954e+01   1.6018274e+02
   2.2955077e+02   8.6255481e+01   1.2643324e+02
   2.1803630e+02   9.2798077e+01   2.3320657e+02
   1.7194747e+01   1.3325964e+02   6.4815639e+00
   1.0878758e+02   6.6442221e+01   1.5155510e+02
   1.5807499e+02   6.8357640e+01   2.9039095e+02
   1.6296283e+02   2.2499003e+01   1.1019422e+01
   1.2111757e+02   6.4590452e+01   8.3926733e+01
   1.8725604e+02   1.3769494e+02   8.8944467e+01
   1.2282779e+02   5.3591547e+01   2.7348242e+02
   1.4100791e+02   6.1050904e+01   3.2687601e+02
   3.0815839e+02   1.1581817e+02   3.0277645e+02
   3.3713676e+01   9.6617008e+01   1.4558840e+02
   2.0553598e+02   5.2049683e+01   2.7203399e+02
   3.1322981e+01   5.0201077e+01   8.6426494e+01
   2.2116618e+02   3.0874692e+01   2.6663928e+02
   9.8911136e+01   4.2237864e+01   2.9935274e+02
   2.4052991e+02   1.3898983e+02   5.5991951e+01
   1.1847319e+02   4.6036810e+01   1.9063269e+02
   2.7239168e+02   1.0254537e+02   1.1000137e+02
   1.8335964e+02   1.2982797e+02   1.7824919e+02
   2.2958665e+01   9.8770968e+01   1.4176113e+02
   1.0992545e+02   9.3219086e+01   2.3102264e+02
   3.3424166e+02   5.6973479e+01   2.6539354e+02
   1.7647592e+02   4.8057093e+01   2.1644242e+02
   1.2937675e+02   8.9039762e+01   2.1288325e+02
   2.8763980e+02   4.7773681e+00   3.2824989e+02
   2.8799946e+01   8.6483864e+01   1.3680167e+02
   2.4101882e+01   1.3846935e+02   1.9326778e+02
   4.4850727e+01   7.0820240e+01   1.8160137e+02
   2.0706046e+01   3.6687742e+01   2.8823194e+02
   1.5573213e+02   1.4401811e+02   2.8525971e+02
   4.5462674e+01   6.7061612e+01   2.8969114e+02
   6.1891162e+01   7.7581615e+01   2.3436634e+02
   1.4529071e+02   1.0486700e+02   2.1565398e+02
   1.6120314e+02   1.6404709e+02   1.0727310e+02
   3.0343521e+02   1.5181632e+02   2.6692223e+02
   3.3521180e+02   3.0376051e+01   3.4767214e+02
   2.1768119e+02   1.2397644e+02   3.3205721e+02
   3.3147479e+02   1.4501876e+02   2.3410282e+02
   2.0233859e+02   4.3324161e+01   2.6724662e+02
   2.6297914e+02   8.4649152e+01   6.3301748e+01
   3.1077334e+02   9.7689538e+01   6.4384869e+01
  -6.1017573e+00   8.6645561e+01   1.1710565e+02
   3.2040048e+02   3.7717441e+01   2.2807616e+02
   3.1098663e+02   1.4012967e+02   9.6122599e+01
   7.1546408e+01   1.4929660e+02   1.0204435e+02
   2.0209164e+02   3.9023691e+01   1.7941769e+02
   3.0278455e+02   1.2699643e+02   8.9508075e+01
   1.6370810e+01   1.4012583e+02   9.4041032e+01
   4.3055600e+01   1.4775056e+02   1.0922167e+02
   3.3107380e+02   1.2727899e+02   3.2088109e+02
   2.0376373e+02   1.3376075e+02   2.6722977e+02
   1.5195675e+02   7.3682843e+01   3.5238546e+02
   1.4312137e+01   1.1106008e+02   3.0672607e+02
   3.0140056e+02   5.5883957e+01   1.0861006e+02
   1.2129923e+02   5.1786017e+01   1.8871828e+02
   2.0752570e+02   8.2192798e+01   2.3610973e+02
   3.1150257e+02   4.0766574e+01   7.9959081e+01
   3.0575265e+02   1.2594657e+02   8.7321829e+01
   2.2888189e+02   9.1421932e+01   3.2562202e+02
   2.9540990e+02   1.4255599e+02   1.7858130e+02
  -5.5205920e+00   8.3054285e+01   3.1516993e+02
   1.1327936e+02   8.9698897e+01   5.1437421e+01
   3.0539818e+02   9.8183736e+01   2.5546109e+02
   2.0633937e+02   1.4222714e+02   2.7153371e+02
   5.7368708e+01   8.4764475e+01   2.2699915e+02
   3.2334604e+02   5.3036449e+01   3.4550239e+02
   2.2586413e+02   8.1467857e+01   6.4132698e+01
   2.7675063e+01   8.1315102e+01   2.1451648e+02
   2.7514651e+02   6.5158931e+01   3.4319605e+02
   2.3455310e+01   1.4065284e+02   2.8265155e+02
   2.9408579e+02   1.4651350e+02   8.1445084e+01
   2.9198241e+02   8.3544970e+01   1.3052993e+02
   2.3959785e+01   1.3273582e+02   1.0144751e+02
   1.1127858e+02   8.4875616e+01   2.8630062e+02
   1.2413440e+02   7.1637281e+01   9.3238688e+01
   2.2144918e+02   2.5891063e+01   3.3256436e+02
   1.0810375e+02   8.3683714e+01   2.7200207e+02
   6.3327646e+01   1.4414919e+02   2.3725143e+02
   2.9044652e+02   9.8131241e+01   8.0809255e+01
   1.0642850e+02   8.4946540e+01   3.2171315e+02
   1.3302845e+02   2.9438004e+01   8.7304235e+00
   1.6005697e+01   1.1233386e+02   2.9507139e+02
   3.0998398e+02   6.2654335e+01   1.5596531e+02
   2.0460326e+02   5.5786010e+01   3.5384016e+02
   2.1497961e+01   1.3795304e+02   1.8028438e+02
   2.0790890e+02   1.4456127e+02   3.0236660e+02
   3.1131208e+02   1.2708569e+02   1.6929210e+02
   2.2499537e+02   1.2726369e+02   1.4032000e+02
   1.7408389e+01   1.3837298e+02   1.9133039e+02
   4.8516842e+01   1.3329781e+02   1.7168373e+02
   2.0513420e+02   1.2306755e+02   9.7053306e+01
   3.4287953e+02   1.2546407e+02   2.1197790e+02
   1.0504096e+02   1.0186526e+02   3.4909440e+02
   1.7994497e+02   4.6286625e+01   2.1123717e+02
   1.4632638e+02   1.7339893e+02   3.1704732e+02
   1.6618844e+02   7.3247854e+01   3.4684158e+02
   2.9675166e+02   3.6180856e+01   1.0482953e+02
   4.7853808e+00   8.3700360e+01   1.8540224e+02
   1.8377126e+02   3.3002261e+01   1.8356341e+02
   2.8365876e+02   1.2840220e+02   7.8784340e+01
   1.1220793e+01   1.3968513e+02   3.4754604e+02
   3.6450418e+01   7.5217841e+01   4.1859230e+01
   1.4601269e+02   8.6095018e+01   2.0001583e+02
   2.9446650e+01   5.5587754e+01   2.5925755e+02
   5.1599779e+01   1.3354464e+02   3.0587980e+02
   2.6550359e+01   1.2920646e+02   3.0218505e+02
   1.5148231e+01   1.3161608e+02   2.7911455e+02
   4.1309650e+01   1.0316425e+02   2.2339563e+02
   2.3306616e+02   9.6085259e+01   2.2941916e+02
   3.1038481e+02   1.3592252e+02   8.9571210e+01
   3.3784082e+01   8.1538434e+00   4.6234290e+01
   3.2676964e+02   5.4300023e+01   9.1007527e+01
   1.8224835e+02   1.0051328e+02   1.2091580e+02
   1.7409749e+01   1.2341159e+02   2.6310479e+02
   2.8254835e+02   1.0270291e+02   2.4521934e+02
   1.5637616e+02   9.7946489e+01   1.1776362e+02
   3.1220144e+02   1.4860598e+02   1.2974913e+02
   2.0948075e+02   5.2197904e+01   1.7765533e+02
   2.0362398e+02   1.1292242e+02   3.5645919e+02
   2.9487551e+02   5.8258878e+01   2.8532581e+02
   5.5194886e+01   5.2015457e+01   1.1877623e+02
   1.4164610e+02   1.4601956e+02   1.6788313e+02
   1.3045467e+02   5.7215138e+01   8.1374613e+01
   2.3280503e+02   3.7726722e+01   3.1358671e+02
   3.0280711e+02   4.0633278e+01   3.4330840e+02
   1.1332699e+02   3.9802861e+01   1.9616476e+02
   1.9267403e+02   1.3797371e+02   1.7169863e+02
   8.0245804e+00   5.7872536e+01   2.7319318e+02
   2.1058929e+02   4.5119167e+01   1.8171755e+02
   1.1092254e+02   8.7845961e+01   2.2389613e+02
   2.8628704e+02   8.8878535e+01   3.1105455e+02
   3.0094753e+02   5.3611512e+01   2.8166614e+02
   1.5265613e+02   1.4137444e+02   2.0311813e+02
   2.1540132e+01   1.3798612e+02   1.0157170e+01
   2.0414420e+02   4.3450745e+01   2.6167094e+02
   1.4425491e+01   1.4873935e+02   3.4008254e+02
   2.3003909e+02   9.7161984e+01   2.9975004e+02
   1.7799392e+01   3.8916405e+01   9.7538787e+01
   2.0433366e+02   4.9073710e+01   8.9261034e+01
   1.2310810e+02   5.4479206e+01   3.5196114e+02
   5.2295129e+00   8.0895666e+01   1.2148019e+02
   3.4059310e+02   1.9245432e+01   6.0292340e+01
   6.9173340e+01   8.1731825e+01   3.4756623e+02
   2.2291493e+02   9.6889662e+01   5.1093335e+01
   3.8085512e+01   1.4316368e+02   1.0705679e+01
   2.7742291e+02   1.1164589e+02   1.4805435e+02
   1.9663716e+02   3.7261299e+01   2.6902205e+02
   3.6014625e+01   5.2194777e+01   3.1173763e+02
   2.6869645e+02   9.2559717e+01   3.3143625e+02
   1.7840813e+02   7.5359175e+01   2.8340469e+02
   3.0748666e+02   1.3503463e+02   1.5204293e+02
   6.9817499e+01   1.2521848e+02   1.2419669e+02
   1.3230172e+02   1.5634346e+02   2.4950178e+01
   4.3835314e+01   1.4476892e+02   2.7483470e+02
   1.4378801e+02   7.8057343e+01   2.1419090e+02
   1.3865893e+02   7.4288756e+01   2.0315029e+02
   9.8078771e+01   1.0035225e+02   2.4629333e+02
   1.5692043e+02   1.4585610e+02   1.0273781e+02
   1.4009201e+02   1.2396423e+02   2.6564045e+02
   1.1526854e+02   1.4092047e+02   9.0940321e+01
   3.5187260e+01   9.8585866e+01   2.3795124e+02
   1.2843420e+02   1.2967817e+02   1.6421433e+02
   3.2407696e+02   6.7044783e+01   2.2536505e+02
   2.5392901e+01   4.4472160e+01   2.7553449e+02
   2.0522032e+02   9.2607475e+01   3.1995259e+02
   7.3624376e+01   1.2470884e+02   2.6688329e+02
   3.4432534e+02   1.4781364e+02   2.6126067e+02
   5.2418683e+00   1.2191843e+02   1.2110512e+02
   1.2471196e+02   1.3331930e+02   3.5127058e+02
   1.1667675e+02   8.2595557e+01   3.8985335e+01
   2.9589807e+02   1.3297754e+02   9.2489345e+01
   1.1269132e+02   8.2975623e+01   1.5128045e+02
   1.1401745e+02   9.0902851e+01   1.3199654e+02
   1.3971998e+02   1.4190006e+02   8.9998415e+01
   2.8471080e+02   3.9633554e+01   1.1748227e+02
   1.8413551e+01   6.0319077e+01   8.7730682e+01
   3.0298331e+02   9.5053914e+01   3.0927355e+02
   5.6345106e+00   1.2953332e+02   3.4930664e+02
   1.9601617e+02   6.4262671e+01   8.3845151e+01
   1.9623639e+02   3.8939849e+00   3.3566848e+02
   2.2365195e+02   8.3337159e+01   3.7990091e+01
   2.5419363e+01   1.4351366e+02   8.4080336e+01
   3.2109783e+01   1.4379196e+02   1.7800568e+02
   1.2676270e+02   1.0228839e+02   1.6067420e+02
   2.0707648e+02   4.3503518e+01   9.2550033e+01
   1.5976734e+02   1.6368347e+02   2.7309700e+02
   1.6385471e+02   7.4994930e+01   1.4810157e+02
   2.7344291e+02   1.3023176e+02   2.5497418e+02
   1.3942966e+02   7.9765521e+01   2.4019009e+02
   2.2940543e+01   4.2999994e+01   1.7614669e+02
   2.0316951e+02   8.6532050e+01   3.2950414e+02
   2.1274539e+02   1.0825232e+02   2.6560203e+02
   3.2002695e+02   1.4166342e+02   1.7750964e+02
   1.7424934e+02   6.4479630e+01   1.1472278e+02
   1.3046062e+02   1.0738713e+02   3.1972847e+02
   1.1779613e+02   1.2799437e+02   2.4811386e+02
   2.9874980e+02   1.3095870e+02   2.6787461e+02
   2.3325031e+02   8.5046681e+01   1.0443306e+02
   1.3808362e+02   9.3589006e+01   3.3077373e+02
   7.0932554e+01   1.6688274e+02   3.5534717e+02
   1.5635737e+02   4.2785531e+01   2.5651020e+02
   2.6379767e+02   1.3753899e+02   1.6706165e+02
   1.1761427e+02   9.6228014e+01   1.3754673e+02
   5.6977306e+01   6.6799060e+01   3.0656500e+02
   2.2676915e+02   9.4287417e+01   1.2646639e+02
   1.0502041e+02   1.0158474e+02   1.2039239e+02
   1.4579215e+02   5.6043069e+01   7.8362237e+01
   1.0958686e+02   1.2394047e+02   2.9978398e+01
   1.4314078e+02   1.4091033e+02   3.5880181e+02
   2.8757810e+02   9.7853080e+01   9.7647745e+01
   2.1934124e+02   5.5376788e+01   1.8458864e+02
   1.7897778e+02   1.3467161e+02   3.5381007e+02
   2.7232603e+02   1.1370767e+02   2.2081561e+02
   5.5954573e+00   1.3938751e+02   2.6021750e+02
   2.2467570e+02   7.3830696e+01   3.3209350e+02
   7.6207498e+01   1.4659540e+02   9.3824492e+01
   1.0793172e+01   5.9484786e+01   9.0234428e+01
   1.1073197e+02   1.4666265e+02   1.2627878e+02
   1.4887545e+02   5.2769455e+01   2.7685438e+02
   2.3942064e+02   6.1267877e+01   1.8762507e+02
   1.8857109e+02   4.3688600e+01   1.7739060e+02
   1.9607540e+02   1.2742114e+02   8.5987303e+01
   2.8030604e+02   1.0275355e+02   4.3712891e+01
   1.6466249e+02   1.0316958e+02   1.2755823e+02
   4.1996482e+00   1.3853309e+02   3.3372939e+02
   3.6691417e+01   1.3372009e+02   9.7523613e+00
   2.0490580e+02   8.8681742e+01   5.4426085e+01
   2.2361210e+02   1.0714095e+02   3.1015675e+02
   1.1042732e+02   1.3567490e+01   1.2838277e+02
   2.7532944e+02   7.7877894e+01   2.7747135e+02
   4.7324960e+01   1.0604460e+02   3.7973966e+01
   6.2366795e+01   5.8529149e+01   2.8731139e+01
   2.8933698e+02   6.3997151e+01   3.4497846e+02
   1.4096104e+02   8.7924268e+01   3.2701035e+02
   3.2997213e+02   4.3309812e+01   1.7335182e+02
   2.0903134e+02   1.3642287e+02   8.7817707e+01
   1.2921928e+02   1.3309285e+02   2.5466342e+02
   1.3186932e+01   1.3657892e+02   7.8833887e+01
   3.2341283e+02   1.4142272e+02   1.3340546e+02
   4.8334190e+01   9.0834235e+01   3.4808285e+01
   2.6665935e+02   1.4153647e+02   3.5141305e+01
   2.1357201e+02   9.2446741e+01   2.2689651e+02
   2.8310944e+02   1.2647356e+02   1.3237306e+02
   1.9720699e+02   1.4385372e+02   8.0856866e+01
   3.1080046e+02   5.2211986e+01   1.7702826e+02
   1.3803261e+02   2.0746778e+01   8.4627272e+01
   8.4105384e+01   6.5804751e+01   2.4853643e+02
   1.2473427e+02   6.7913949e+01   3.2979996e+02
   2.1743552e+02   9.8435059e+01   3.3979468e+01
   3.2109476e+02   4.5941195e+01   2.0220534e+02
   1.1543195e+02   9.3650058e+01   2.2627512e+02
   1.4553676e+02   7.6402193e+01   2.1263918e+02
   7.9742186e+01   5.4789306e+01   1.2583078e+02
   2.5035634e+02   7.5246165e+01   1.1483890e+02
   1.8498401e+02   1.4022588e+02   5.6012956e+00
   1.6777990e+02   1.2262096e+02   1.4961987e+02
   1.0980024e+02   1.1183944e+02   3.3465403e+02
   2.9356813e+02   3.5661744e+01   4.7432500e+00
  -1.3377286e+01   1.1194565e+02   1.2018769e+02
   3.1203852e+02   1.5005062e+02   9.5245170e+01
   8.6772887e+01   3.2745208e+01   1.0890885e+02
   2.8929313e+02   1.5207034e+02   4.9312389e+01
   2.8770033e+02   9.6012245e+01   3.3558336e+01
   1.3047976e+01   1.2585212e+02   1.8767733e+02
   5.2996213e+01   1.0250930e+02   4.2218049e+01
   9.8333458e+01   6.6493602e+01   2.2236701e+02
   2.8350536e+02   9.7176940e+01   2.2984612e+02
   3.2387519e+02   8.9851587e+01   1.9644132e+02
   2.2557561e+02   8.8263158e+01   3.3266494e+02
  -1.1307863e+01   9.5640804e+01   7.6140964e+01
   1.1175647e+02   9.9676171e+01   2.2983151e+02
   2.5017943e+02   4.8042822e+01   2.9952934e+02
   1.2207062e+02   9.3090735e+01   1.3822468e+02
   3.4463704e+02   6.2764788e+01   2.7771642e+02
   5.7965168e+01   1.0121396e+02   7.7922587e+01
   3.8914173e+01   1.4016909e+02   3.1810343e+02
   2.8776571e+02   6.2472216e+01   9.3300657e+00
   1.1623378e+02   1.3937368e+02   2.5424489e+02
   2.7339882e+02   1.0268020e+02   1.6094739e+02
   1.4466432e+02   4.1182635e+01   3.4882312e+02
   1.1032116e+01   2.5537780e+01   2.6752438e+02
   3.0380021e+02   4.0985053e+01   1.8087547e+02
   3.3253680e+02   8.7813078e+01   3.2192277e+02
   2.8588988e+02   9.0022416e+01   2.1592768e+02
   2.3282476e+02   9.0930319e+01   3.1469086e+02
   1.3055127e+02   1.4112478e+02   5.7942618e+00
   1.2782806e+02   7.9055821e+01   1.4343241e+02
   3.1669934e+02   6.5837177e+01   1.2933959e+02
   1.4769960e+02   3.3551944e+01   1.7165606e+02
   2.0729165e+02   7.8240838e+01   4.8072884e+01
   2.6189092e+02   1.5583101e+02   2.4997837e+02
   2.7030070e+01   4.7240317e+01   2.7175329e+02
   1.1857705e+02   4.6441081e+01   8.1621450e+01
   1.4091305e+02   1.2295498e+02   2.1190495e+02
   3.3168551e+01   9.2819141e+01   2.2624151e+02
   4.0392401e+00   4.8741176e+01   2.9464147e+02
   3.3061104e+02   9.3092180e+01   5.9333276e+01
   2.8912352e+02   9.0844832e+01   4.5376150e+01
   2.2124500e+02   8.9912992e+01   2.3705583e+02
   4.1092883e+01   1.0431303e+02   5.9973115e+01
   3.5556796e+01   9.8554175e+01   2.0316115e+02
   2.4242465e+02   8.2936581e+01   2.0614741e+02
   2.0855391e+01   5.8560208e+01   1.8573827e+02
   3.2541673e+02   9.2995075e+01   3.1483121e+02
   2.5317234e+02   1.2732459e+02   2.1526382e+02
   1.8700847e+02   4.6747470e+01   1.8059585e+02
   2.2587606e+01   4.4807491e+01   8.9692178e+01
   1.8678294e+02   3.8343005e+01   2.7968327e+02
   1.4563008e+02   5.0819958e+01   8.4089133e+01
   3.7329883e+01   8.1790976e+01   1.0936383e+02
   1.3488588e+01   4.1326019e+01   1.9218741e+02
   2.1327225e+02   1.0450508e+02   1.3060181e+02
   2.1092418e+02   1.4395182e+02   2.9776025e+02
   2.9037803e+02   1.0411156e+02   1.8805637e+02
   3.1000636e+02   1.4798370e+02   2.0252881e+02
   2.8702370e+01   1.2792251e+02   2.6864292e+02
   2.3649940e+02   8.7394388e+01   4.0628882e+01
   2.1545616e+02   9.3654295e+01   3.2071526e+02
   1.8999752e+01   5.8564943e+01   2.7667733e-01
   2.9984267e+02   1.3110794e+02   1.6857431e+02
   1.3673048e+01   2.6634367e+01   2.3696522e+02
   1.7995930e+02   5.2017215e+01   3.5662799e+02
   1.9183351e+02   4.2920310e+01   2.8661048e+02
   1.1505987e+02   7.9091838e+01   3.1521080e+02
   2.8864116e+02   1.3868333e+02   2.4769912e+02
   1.4043286e+01   4.1762997e+01   9.8619457e+01
   4.7726210e+00   2.1198783e+01   2.1421302e+02
   2.7215552e+02   7.8111628e+01   2.7258161e+02
  -1.0725807e+01   6.9316460e+01   2.0634307e+02
   9.1337971e+01   1.2096985e+02   2.8731714e+02
   6.4122304e+01   2.9579514e+01   3.3238622e+02
   3.3783107e+02   8.6199709e+01   2.7764729e+02
   1.5214275e+02   3.4229059e+01   7.0146768e+01
   4.3672229e+01   8.7157847e+01   3.2530539e+02
   1.7805666e+02   4.0641164e+01   1.8742846e+02
   1.3990406e+01   1.3518461e+02   9.3765508e+01
   3.1249048e+02   1.3554648e+02   2.8121631e+02
   2.1505592e+01   1.2462241e+02   1.8083449e+02
   1.8356596e+01   1.6925125e+02   9.6998491e+01
   2.4479294e+02   1.9793086e+01   3.4112343e+02
   3.0571006e+01   9.3394909e+01   2.1566387e+02
   2.7507482e+02   4.0506779e+01   3.1082405e+02
   1.0899629e+02   7.2862462e+01   2.1212599e+02
   1.0596703e+01   5.9175970e+01   1.7985709e+02
   3.3097352e+02   1.4523896e+02   5.4515488e+01
   2.6851066e+02   7.3509241e+01   2.6861857e+02
   1.0829111e+02   4.0837407e+01   2.9560682e+02
   2.1746925e+02   9.5556255e+01   1.2437393e+02
   1.5176430e+02   1.4860860e+02   2.1099012e+02
   3.1335734e+02   1.4074119e+02   8.6001596e+01
   1.3346091e+02   1.1361571e+02   2.7221629e+02
  -1.1056421e+01   7.5488355e+01   2.2712245e+01
   1.2249747e+02   1.6046338e+02   1.4884263e+02
   2.1519397e+02   1.4110413e+02   9.9200418e+01
   3.0094743e+02   1.4629630e+02   1.7039742e+02
   2.9354689e+02   8.6684181e+01   1.3229308e+02
   2.1410068e+02   1.4198734e+02   1.9831763e+02
   1.2887042e+02   1.4146034e+02   3.5263383e+02
   3.0062401e+02   4.8918479e+01   1.8341767e+01
   2.9278552e+02   8.4438717e+01   5.1197011e+01
   1.1591240e+00   1.3305845e+02   3.2037912e+02
