  -6.4565839e+01   1.1509774e+02   3.5221302e+02
  -6.7619367e+01   2.9035405e+01   1.1696955e+02
  -7.0801517e+00   1.1690722e+02   4.0012910e+01
  -5.2306064e+01   1.4952656e+01   9.1587748e+01
   1.4162306e+02   3.3936107e+01   2.0470340e+02
   9.8159630e+00   1.1792178e+02   2.6385981e+02
   1.7636610e+02   5.8613379e+01   6.6263146e+01
  -1.0218971e+02   1.2972157e+02   6.2898487e+01
   1.7765214e+02   1.4934710e+02   2.2655354e+02
   1.5442732e+02   1.1392740e+02   2.9196391e+02
   1.0295684e+01   1.0910042e+02   9.9029533e+00
   1.7551673e+02   1.0990212e+02   2.0125396e+02
  -1.4811860e+01   4.5688414e+01   6.8126500e+01
  -9.2092097e-01   3.9757105e+01   1.0648269e+02
   6.2538384e+01   1.6966023e+02   4.3540322e+01
  -1.6051301e+01   6.8909382e+01   2.5486066e+02
  -1.0743804e+02   6.4344283e+01   1.2355692e+02
   9.8057166e+00   1.3485214e+02   5.1732059e+01
  -1.0168878e+02   1.1408758e+02   2.4015783e+02
  -1.2371253e+02   1.1502723e+02   2.6384252e+02
   1.1403160e+01   1.3728132e+02   1.6600287e+02
  -4.6980933e+01   1.4736053e+02   1.5317144e+02
  -4.9963989e+01   1.3524487e+02   5.2175378e+01
   1.7677533e+02   1.5663228e+02   1.9211236e+02
   3.0424754e+01   3.6458096e+01   1.0410125e+02
  -1.0348761e+02   1.0832084e+02   6.9911041e+01
  -1.2205188e+02   5.8256707e+01   2.0705514e+02
   1.5628783e+02   1.0678275e+02   8.8686315e+00
  -7.5006067e+01   3.7964643e+01   2.2430895e+02
  -9.0194070e+01   2.1568594e+01   3.0252927e+02
  -4.0436079e+00   6.1368681e+01   2.3767418e+02
  -8.0733737e+01   9.8708765e+01   5.7060245e+01
   4.0256819e+01   1.3373081e+02   8.2539610e+00
  -4.5343638e+01   3.7635630e+01   1.1741103e+02
   6.6770182e+01   6.7828219e+01   3.1172957e+02
   1.7911358e+02   1.1806370e+01   2.1577332e+02
  -1.3711089e+02   6.6598202e+01   2.3344445e+02
  -9.1035051e+01   6.8378845e+01   1.7602292e+02
  -9.3893305e+01   1.0195832e+02   3.5757373e+02
   1.7704727e+02   6.4604093e+01   2.4011768e+02
   2.5826154e+01   1.0957089e+01   1.8472004e+02
  -1.2832812e+01   3.4928034e+01   1.3785004e+02
   1.2756145e+02   1.3505211e+02   1.9659175e+02
  -9.9264678e+01   9.7562901e+01   2.6642618e+01
  -2.2199966e+01   6.5156703e+01   7.3540990e+01
   9.1317163e+01   1.0066071e+02   2.9984712e+02
  -1.1915238e+02   7.4307514e+01   1.3468847e+02
   6.4746831e+01   1.1029500e+02   5.3395833e+01
  -8.7455936e+00   7.1140728e+01   3.4058551e+02
   5.7039263e+01   2.8450101e+01   9.1406411e+01
   1.4484545e+02   1.0226862e+02   6.1278618e+01
   6.8625905e+01   5.3294909e+01   1.6971018e+02
   1.1307537e+02   1.7405503e+02   8.3404628e+01
   1.1775678e+02   8.7572080e+01   1.0972466e+02
   7.2932918e+01   6.4990000e+01   1.7920060e+02
  -6.0696104e+01   1.2375150e+02   3.0364481e+02
  -1.1805903e+02   1.1748105e+02   2.4161975e+02
  -9.7862558e+01   1.1499401e+02   2.9657022e+02
   2.4820466e+01   5.2617903e+01   2.0550751e+01
  -1.1480695e+01   3.7927953e+01   5.1713173e+01
  -1.3284897e+02   5.1447705e+01   9.2473335e+01
  -1.3804673e+02   7.1509341e+01   3.2023540e+02
   7.7225717e+01   1.2970012e+01   8.9434291e+01
   5.8656661e+01   1.2027433e+02   3.2130555e+02
  -9.4759596e+01   1.5737765e+02   1.8713909e+02
  -3.8601881e+01   6.9727209e+01   1.3420903e+02
  -8.2428523e+01   1.2654391e+02   1.1109395e+02
   9.7676190e+01   4.6292310e+01   3.4000024e+02
   1.2570734e+02   1.3530526e+02   1.5324071e+02
  -1.0662094e+02   7.1586084e+01   1.9493198e+02
   6.9879649e+01   1.2669378e+02   4.5796308e+01
   1.0918983e+02   1.4330022e+02   2.7974513e+02
   6.3863911e+01   7.5721782e+01   7.4932615e+01
   1.1020759e+02   6.8947749e+01   2.8474479e+02
   1.2547185e+02   1.5533633e+02   4.6311008e+01
  -6.8654228e+01   2.6501194e+01   4.9094445e+01
   1.7716441e+02   1.1111974e+02   3.0699904e+02
  -1.0425181e+02   1.2944761e+02   1.8289733e+00
   1.2360580e+02   3.4266043e+01   2.9637666e+02
   1.6932002e+02   1.1002669e+02   1.0216666e+02
  -1.1808924e+02   1.4010150e+02   1.0206273e+02
  -1.2792255e+02   1.0488636e+02   1.4101434e+02
  -8.4024595e+01   3.4100587e+01   3.4334623e+02
   9.5776482e+01   1.8290971e+01   3.9590504e+01
  -1.1661792e+02   1.1225473e+02   2.4942194e+02
   7.6671203e+01   1.2599261e+02   2.3569952e+02
  -1.1153573e+02   6.9099881e+01   3.5715886e+01
  -1.1706742e+02   6.3034389e+01   1.9593351e+02
   1.7727997e+02   1.2590685e+02   1.5071818e+02
  -9.5959343e+01   1.0969844e+02   3.1705750e+02
  -9.4494948e+01   3.3617685e+01   5.7762826e+01
   1.8812210e+02   7.0235474e+01   1.9991740e+01
   5.9973534e+01   1.1949048e+02   3.2536221e+02
  -1.1373939e+02   5.5360289e+01   2.8626228e+01
   1.8894433e+02   1.2343219e+02   2.7555334e+02
   6.2216663e+01   1.0689471e+02   2.3957240e+02
  -8.7225261e+00   1.1341821e+02   1.2500410e+02
   7.1201533e+01   1.2183529e+02   7.1063810e+01
   7.1450067e+01   9.9561340e+01   1.4618837e+02
   5.8939625e+01   1.1153435e+02   6.3961038e+01
   1.3578362e+02   3.2822792e+01   2.1114557e+02
   7.1318586e+00   1.3424635e+02   3.0990444e+02
  -6.1474914e+01   6.4221414e+01   2.8512899e+02
  -1.2427599e+02   1.4345265e+02   1.0698342e+02
   1.3496739e+02   4.7491595e+01   1.2756313e+02
  -1.7687462e+01   6.3032237e+01   3.3676414e+02
   9.8670259e+01   1.2833219e+02   1.1791438e+02
  -6.6247609e+01   3.3132195e+01   2.3501015e+02
   1.5734800e+02   8.3051010e+01   3.1089982e+02
   6.4105975e+01   8.6995581e+01   2.6360921e+02
   5.7289622e+01   1.2417700e+02   2.1917990e+01
   1.6943499e+02   1.1412839e+02   2.4504251e+01
  -2.3283790e+01   7.0490340e+01   2.4024531e+02
   1.6126554e+02   9.5492090e+01   2.6134906e+01
   6.0998334e+01   1.1887792e+02   1.6101063e+02
  -1.2561536e+02   9.1103592e+01   3.4920362e+01
   6.1428812e+01   6.9327970e+01   3.1414258e+02
  -7.7619091e+01   9.3697424e+01   1.8584870e+02
   1.7698208e+02   5.6787637e+01   2.6346977e+02
  -8.0659965e+01   1.0594771e+02   1.0231650e+02
   1.7357843e+02   7.9399035e+01   3.4288019e+02
  -1.0278976e+02   6.4483094e+01   3.5455235e+02
   1.2901690e+02   1.3326237e+02   2.0860044e+02
  -1.1774347e+02   7.0878607e+01   1.9576127e+02
   1.0691638e+02   9.0162133e+01   3.3744404e+02
   1.1897688e+02   3.2574670e+01   3.7535727e+01
   6.8443639e+01   1.2142041e+02   3.2518222e+02
  -1.0722261e+02   1.2271635e+02   6.4230070e+01
   1.8858585e+01   1.2735820e+02   8.5905420e+01
  -1.0414565e+02   6.8171403e+01   2.9431633e+02
  -2.1399477e+01   1.2932875e+02   3.0416161e+02
   1.2073141e+02   3.5070621e+01   3.1435065e+02
  -5.5454427e+01   3.6963739e+01   2.1943798e+02
  -1.0136756e+02   6.9244976e+01   1.6265345e+02
  -1.0963695e+02   3.7425643e+01   2.2468755e+01
   2.3747228e+01   7.8198778e+01   2.7278290e+01
  -4.9903275e+01   1.3381357e+02   3.2602204e+02
   1.8332444e+02   1.1870175e+02   2.8347324e+02
  -6.8585217e+01   8.0511524e+01   3.8637348e+01
   9.8024687e+01   3.7796010e+01   3.3156342e+02
  -7.5585165e+01   3.6673640e+01   7.8180744e+01
  -1.1779105e+02   9.2641283e+01   3.5623782e+02
   3.2545807e+01   4.2554247e+01   1.7975184e+02
   1.0137960e+02   1.3545681e+02   1.2593893e+02
  -4.1652305e+01   6.9416931e+01   2.6672627e+02
   1.6532920e+02   6.8379751e+01   2.4792990e+02
   1.2898535e+02   7.7592404e+01   1.2697701e+02
  -1.4734510e+02   4.0494875e+01   2.6317645e+01
  -5.9591026e+01   5.2305047e+01   2.9649717e+02
   1.6809067e+02   6.9885535e+01   3.2536251e+02
  -8.2037967e+01   4.0268520e+01   1.6051627e+02
   8.9476463e+01   7.8576500e+01   8.7098836e+01
   9.7833363e+01   3.1216078e+01   2.3759889e+02
  -7.9419028e+01   1.2904033e+02   2.0335813e+01
   1.8417042e+02   1.1742495e+02   2.4075885e+01
   7.7289542e+01   1.0333137e+02   3.3629156e+02
   2.0770259e+02   3.0290570e+01   2.1061718e+01
   1.2222559e+02   7.1363868e+01   2.5528515e+02
  -1.1798047e+02   1.2012289e+02   7.7386707e+01
  -3.1751691e+01   6.7160709e+01   1.5385477e+02
   4.4837630e+01   5.2530508e+01   2.5133581e+02
   2.2205010e+01   1.0392507e+02   3.0252333e+02
   5.9917673e+01   1.0777211e+02   2.3163373e+02
  -7.1962864e+01   1.2001906e+02   1.3573338e+02
   1.3566068e+02   1.1005983e+02   1.9181815e+02
   7.9757148e+01   1.6972284e+01   2.6889025e+02
   1.7613741e+02   1.1051924e+02   1.1826621e+02
  -8.7754499e+01   1.2034304e+02   1.6728821e+02
  -3.9622049e+01   2.7292365e+01   2.0009263e+01
   1.2524537e+02   1.2062965e+02   1.4387881e+02
   1.1633117e+02   1.0238863e+02   2.7566353e+02
  -1.0422083e+02   1.6127064e+02   1.6822132e+02
   1.6279667e+02   6.1597305e+01   3.5902763e+02
   1.6870717e+02   6.5289985e+01   3.4231339e+02
   9.6249107e+01   5.6570800e+01   3.1759389e+02
   1.7013288e+02   1.1044203e+02   2.1375658e+02
   1.1902190e+02   9.6381512e+01   9.9026845e+01
  -1.0835475e+02   1.1402926e+02   3.4199963e+02
  -1.0166401e+02   6.0157966e+01   1.1602084e+02
  -2.1089517e+01   1.4001285e+02   2.5688626e+02
  -8.1378342e+01   6.1974764e+00   4.7963335e+01
  -1.0895173e+02   6.8009628e+01   2.0952052e+02
   5.6779513e+01   6.9023508e+01   1.2358931e+02
   1.6799169e+02   6.1171773e+01   1.6508576e+02
  -6.4664271e+01   3.9831931e+01   4.4559584e+01
  -5.5554145e+01   9.6648050e+01   1.8780183e+02
  -8.9769367e+00   1.3398992e+02   1.1906776e+02
   1.5696981e+02   1.2652075e+02   3.0527255e+02
  -3.4424917e+01   1.1217013e+02   2.5011793e+02
   8.8367384e+01   1.3087297e+02   3.3235188e+02
  -5.2748462e+01   8.6113520e+01   3.0926405e+02
  -6.2627724e+00   7.9152076e+01   2.5489981e+02
  -1.4830900e+02   9.7869928e+01   3.2887635e+02
  -3.7372525e+01   3.8484929e+01   3.1335202e+02
   6.2913288e+01   7.4717573e+01   3.3995269e+01
  -1.5373867e+01   6.0730089e+01   6.1604547e+01
   8.7993021e+01   1.3404326e+02   2.7733974e+02
   3.2492270e+01   8.9080243e+01   2.6902152e+02
   1.6612765e+02   6.3215216e+01   2.5350940e+02
  -9.3235704e+00   1.1015974e+02   2.9031708e+02
  -1.2260067e+02   6.2946905e+01   2.1548443e+02
   1.9718163e+02   5.2154008e+01   2.4452498e+02
  -1.0215162e+02   6.7412173e+01   1.0788997e+02
   6.4900777e+01   8.5176113e+01   1.9455891e+02
  -1.3685660e+01   1.3746994e+02   3.3357411e+02
   1.4133186e+02   1.3023796e+02   1.5885054e+02
   1.1739760e+02   1.3979026e+02   4.8178497e+01
  -6.6734380e+00   9.6251794e+01   2.5396253e+02
  -1.1668674e+02   6.6116891e+01   1.1742111e+02
  -7.2736248e+01   3.1852721e+01   3.1582276e+02
   8.9822639e+00   1.0549682e+02   3.1608543e+02
   1.3377173e+02   9.0963903e+01   2.7765092e+02
  -5.8891610e+01   1.3840391e+02   2.2728470e+02
   9.9130057e+00   1.0795759e+02   2.0995169e+02
   1.6821477e+02   1.0606341e+02   2.0303693e+02
   4.3798677e+01   6.6563752e+01   2.0757185e+02
   1.0208473e+02   2.3366499e+01   6.7776069e+01
  -2.3638740e+00   6.1090512e+01   1.5784684e+02
   1.7109316e+02   1.1056697e+02   2.0030340e+02
   1.2282361e+02   1.5578224e+02   1.5380285e+02
   1.3222921e+01   8.6858063e+01   3.4663598e+02
  -1.4487723e+02   1.2325359e+02   1.1054083e+01
  -3.5431166e+01   9.2722639e+01   1.9027071e+02
  -5.1715027e+01   1.5590048e+02   9.6401747e+01
  -5.3106417e+00   5.1170816e+01   6.9472678e+01
   6.2835595e+01   1.1581770e+02   2.3730546e+02
  -6.7203264e+01   1.2689534e+02   6.2593872e+01
  -1.1543299e+02   1.0827551e+02   6.0589923e+01
  -1.0447527e+02   6.8637941e+01   1.2089642e+02
  -3.1895884e+00   1.0944999e+02   3.0632570e+02
   9.6036279e+01   8.7346581e+01   6.6216791e+01
  -1.8780444e+01   6.2820662e+01   1.0650802e+02
  -1.1335421e+02   6.5654077e+01   1.2248174e+02
  -4.9058995e+01   3.0610848e+01   2.9315046e+02
   5.8722734e+01   1.0483307e+02   2.4312770e+02
   5.5674598e+01   1.1075982e+02   1.3626252e+02
  -8.0641230e+01   1.5206786e+02   1.3592215e+02
  -1.0659409e+02   9.9087362e+01   2.2833623e+02
   8.4623877e+01   1.4722830e+02   1.3680393e+02
   6.8603372e+01   1.0595421e+02   3.3043463e+02
  -3.7653457e+01   8.8448949e+01   1.6700904e+02
  -1.2470008e+02   8.2416453e+01   2.7205850e+02
   1.7840423e+02   1.1485815e+02   1.2038739e+02
   8.3985112e+01   1.1437488e+02   9.2014306e+01
   1.5560336e+02   4.2509231e+01   2.4536915e+02
  -1.1352130e+02   6.1814415e+01   1.4628612e+01
  -6.9923195e+01   2.9130629e+01   3.1776716e+02
  -5.2636876e+01   2.4300922e+01   5.5225166e+01
  -2.6750379e+01   7.0925439e+01   1.6347082e+02
  -7.3813094e+01   2.2474791e+01   2.8692486e+02
  -1.1716593e+02   3.9125615e+01   2.0367575e+02
   1.1609414e+02   1.5938119e+02   2.3719294e+02
  -2.8910437e+01   1.2691772e+02   2.8402822e+02
   9.7671302e+01   4.2682385e+01   3.2336040e+02
  -5.9057811e+01   3.1036655e+01   2.1867494e+02
  -7.5471161e+01   6.4824124e+01   2.7066691e+02
   7.1779425e+01   1.4645049e+02   2.4274790e+02
   1.7106554e+02   1.1942026e+02   2.6339237e+02
   1.0790827e+02   1.0768790e+02   1.3030316e+02
   7.3160084e+01   6.5629941e+01   1.2817319e+02
   1.6147939e+02   3.7518009e+01   3.2230431e+02
   1.5176956e+02   6.4034504e+01   3.4982880e+02
  -1.0921189e+01   1.0653368e+02   1.9183900e+02
  -1.4295574e+02   1.1856634e+02   4.0622943e+00
   6.0315111e+01   6.2778840e+01   3.0676207e+02
  -3.0752679e+01   1.3803454e+02   1.9632069e+02
  -1.2974878e+02   5.8779080e+01   2.5521374e+02
  -1.1597221e+02   6.9109522e+01   2.1586270e+02
  -3.4302890e+01   1.5362477e+02   6.8771516e+01
   9.2152386e+01   5.2439087e+01   3.3442751e+02
  -6.4290944e+01   1.1816402e+02   1.2268025e+01
  -5.1468165e+01   1.3876301e+02   3.2105712e+02
  -2.4367179e+01   1.2458057e+02   1.0633846e+02
   1.3875472e+02   3.3056611e+01   2.9540339e+02
   2.0976484e+01   5.3132020e+01   3.2941945e+02
  -1.0840141e+01   1.2123113e+02   2.0578640e+02
  -1.3016997e+02   9.8101862e+01   2.0810633e+02
   1.5257312e+02   3.9076315e+01   5.0557634e+01
  -1.1595038e+02   5.5071243e+01   3.1338243e+02
  -1.1720297e+02   5.5271304e+01   1.1523274e+02
   6.5954985e+01   5.6159837e+01   1.1122616e+02
   7.0349449e+01   5.7802942e+01   2.9045221e+02
  -4.9193764e+00   1.2566130e+02   3.1100280e+02
  -1.1318632e+02   1.1786829e+02   3.2556013e+02
   1.2347557e+02   1.3558899e+02   4.0791984e+01
  -4.9396865e+01   1.1805344e+02   8.9250967e+01
   1.9741566e+02   1.2557192e+02   1.7026170e+01
  -1.1841580e+02   1.0436201e+02   7.1501038e+01
  -1.3311634e+02   5.3239685e+01   1.0733212e+02
   1.6674287e+02   1.1347718e+02   2.9564933e+02
  -6.1885334e+01   1.5031587e+02   2.2743556e+02
   7.2345002e+01   1.2094998e+02   3.5624461e+02
  -2.0699003e+00   1.0829375e+02   2.1124389e+02
  -1.0889206e+02   1.1649775e+02   1.6057365e+02
   1.9866184e+02   5.6099852e+01   3.5042375e+02
  -1.0452028e+02   1.1625522e+02   1.8006702e+02
   1.6136393e+02   1.1138449e+02   2.7982050e+02
  -1.6294361e+01   8.7956690e+01   2.1223294e+02
   1.7988071e+02   6.4482160e+01   3.3454856e+02
  -5.1479853e+01   1.1816974e+02   2.6362858e+02
   1.4176768e+02   3.0552898e+01   1.1144874e+02
  -1.0471091e+02   6.9544491e+01   2.1096110e+02
  -1.0351611e+02   7.6255925e+01   3.5838132e+02
  -1.1044800e+01   9.9683523e+01   3.4272401e+02
  -1.3048613e+00   6.8589208e+01   1.4129120e+02
   6.7030688e+01   1.0738281e+02   1.4027570e+02
  -5.7806070e+01   1.2231407e+02   3.1354082e+02
   6.6938783e+01   1.1937521e+02   3.2097360e+02
  -1.0066675e+02   1.2089187e+02   3.3227321e+02
  -3.7250415e+01   1.1129017e+02   1.6608693e+00
  -1.2242591e+02   7.0933699e+01   2.6226749e+01
   1.5766270e+02   1.1351446e+02   3.2050206e+02
   1.3553563e+02   9.4207553e+01   8.7798909e+01
   7.4546375e+01   4.9854350e+01   3.1277167e+01
   4.8762771e+01   9.5819066e+01   3.2311053e+02
  -6.4884672e+01   2.3725329e+01   3.2366500e+02
  -6.4597500e+01   9.5918326e+01   9.3658661e+01
  -3.9917054e+01   1.4949891e+02   2.6843340e+02
  -3.8393559e+01   1.4762767e+02   3.2884049e+02
  -1.2089497e+02   1.1389395e+02   1.3884776e+02
  -6.9489375e+01   1.2814946e+02   1.4341595e+02
  -7.4353276e+01   1.3959225e+02   2.1680286e+02
  -9.2062821e+01   8.3435311e+01   2.4770404e+02
   1.7056533e+02   2.6597852e+01   8.4316323e-01
   5.9395224e+01   6.8971096e+01   2.0840314e+02
   1.2941450e+02   7.6699733e+01   3.0255870e+02
  -1.8105511e+01   6.0144533e+01   1.5363462e+02
   1.6659978e+02   5.1139804e+01   2.8500254e+02
   1.3818094e+02   8.2578922e+01   9.8716262e+01
  -1.1997338e+02   8.5659288e+01   3.0510098e+02
  -9.1321472e+01   1.6910550e+02   1.0865671e+02
   1.7635508e+02   1.0945825e+02   1.0730978e+02
   1.8825567e+02   7.2524673e+01   3.1549675e+02
  -1.4057799e+02   1.1499004e+02   5.1255537e+01
  -1.1489319e+02   5.9444479e+01   2.4945021e+01
  -3.3931308e+01   7.1944692e+01   2.5092960e+02
  -7.6309186e+01   4.1959704e+01   7.4622995e+01
  -7.4313012e+01   3.7720061e+01   2.2498397e+02
   3.9863527e+01   6.4795777e+01   6.7427995e+01
  -5.9068686e+01   1.5944655e+02   1.3967420e+02
  -1.3779166e+02   6.2090044e+01   1.3425260e+02
  -9.9444309e+01   1.2498679e+02   3.3321253e+02
  -9.3276768e+01   5.9488968e+01   2.5737256e+02
   6.7397041e+01   1.5101918e+02   1.5282899e+02
   5.8514424e+01   5.6160497e+01   1.0757857e+02
   1.0581319e+02   3.3280781e+01   6.8603019e+01
   4.4526492e+01   1.6518030e+02   2.4393457e+02
  -4.7276248e+01   2.4099824e+01   3.0643463e+02
   1.8667716e+02   1.0793495e+02   3.0574845e+02
   1.9423412e+02   1.0751839e+02   1.2063281e+02
   7.7121111e+01   7.0379451e+01   3.4132942e+02
   5.8334203e+01   1.0943085e+02   3.2219173e+02
  -1.1392198e+02   1.1750216e+02   1.2730609e+02
  -2.4838231e+01   5.1337149e+01   3.4066469e+02
   7.0557607e+01   9.7030253e+01   2.3253254e+02
   7.7651207e+01   5.5484573e+01   1.1161959e+02
   6.6039070e+01   8.0493296e+01   4.1291844e+01
  -6.7007807e+01   1.4879703e+02   3.9473698e+01
  -1.3273754e+02   5.4039371e+01   3.2879352e+02
   1.6138066e+02   1.0278027e+02   2.8796153e+02
  -5.4551976e+00   1.1285442e+02   1.1410131e+02
   1.7258194e+02   1.0948489e+02   2.2241732e+02
   8.9991183e+00   6.6251958e+01   2.4176860e+02
   5.6644492e+01   6.4695381e+01   2.2890294e+02
  -6.8761833e+01   1.4711443e+02   3.3189609e+02
   1.7534561e+02   7.6498947e+01   2.4013158e+02
  -7.1229934e+01   1.5420886e+02   2.9560203e+01
  -2.1025541e+01   1.4801897e+02   4.9637762e+00
  -7.6075457e+00   5.7239952e+01   1.6005011e+02
  -1.1356005e+02   6.5498984e+01   1.9934478e+02
  -8.9263241e+01   4.7036288e+01   1.4356701e+02
  -1.0537782e+01   1.1513893e+02   2.3333036e+01
   1.1493959e+02   9.0071973e+01   1.2101803e+01
   4.0073746e+01   1.3055108e+02   1.9129767e+02
   1.0546746e+02   1.4541693e+02   2.6555646e+02
   1.6596410e+02   1.3029834e+02   1.2743336e+02
   1.2983534e+02   1.4393648e+02   3.2583585e+02
   2.8429522e+01   1.2513307e+02   2.4964604e+02
   5.1701471e+01   1.2083095e+02   5.2312641e+01
   1.3586426e+02   8.3986534e+01   1.9668082e+02
  -7.5574301e+01   1.4534554e+02   1.1702548e+02
   1.8906558e+02   1.4796832e+02   2.0839222e+02
  -5.6976213e+01   1.5306154e+02   2.2623427e+02
   8.6301069e+01   2.8382887e+01   3.2305016e+02
  -4.7721221e+01   3.3633252e+01   1.1594788e+02
  -6.2394787e+01   8.9072539e+01   3.2045415e+02
  -3.0684705e+01   1.4834328e+02   3.3680751e+02
   1.7679484e+02   1.0533942e+02   2.5190134e+01
  -4.9388676e+01   1.4823583e+01   1.0938446e+02
   6.6775648e+01   1.2010991e+02   2.4089163e+02
  -1.1598693e+02   6.4007355e+01   9.5174588e+01
   9.4925570e+01   6.4767019e+01   2.4034946e+02
  -2.0591713e+01   1.1335469e+02   3.2432910e+01
  -7.3501470e+00   6.8425884e+01   2.3636090e+02
   7.3247741e+01   6.2056891e+01   1.1765694e+02
   1.8517962e+02   1.1434078e+02   1.1086073e+02
  -5.4232537e+01   3.5380145e+01   3.5072257e+01
   5.6222063e+01   2.7113370e+01   2.2842449e+02
  -5.5044525e+01   1.3883891e+02   2.2808617e+02
   8.0825916e+01   1.0512830e+02   2.3638397e+02
   8.5002817e+01   1.9712350e+01   3.2961723e+02
   1.7786490e+02   1.0086655e+02   2.0171249e+02
   7.9652122e+01   1.4323397e+02   3.5894663e+01
   1.9360340e+02   1.1180143e+02   3.0234158e+02
   1.6859161e+02   7.5542067e+01   6.2778280e+01
   1.9996361e+02   1.5685946e+02   1.3731363e+02
   1.4546797e+02   1.4252907e+02   3.3047322e+02
   7.9447091e+01   1.0210954e+02   2.0434180e+02
   1.3829526e+02   7.8713057e+01   1.8061041e+01
   1.6656938e+02   1.6795461e+02   1.7279306e+02
   1.9444371e+02   1.1352245e+02   8.3856249e+00
   1.1511120e+02   1.4541219e+02   3.2866391e+02
  -3.8190105e+01   1.0775957e+02   1.5832046e+02
   6.7593072e+01   6.7890652e+01   8.7245779e+01
  -5.1275631e+01   1.0905156e+02   2.9211655e+02
  -1.2370439e+02   1.3827485e+02   1.5815379e+02
   1.5646793e+02   4.9545901e+01   7.3425642e+01
  -9.7714252e+01   8.6211950e+01   3.1960944e+02
   7.4000663e+01   5.1900293e+01   2.9056811e+02
  -1.1669963e+02   6.3465606e+01   3.1330490e+02
  -3.2814239e+01   3.6050939e+01   3.7560797e+01
   7.8504249e+01   6.8816024e+01   1.9563436e+02
  -1.1268720e+02   9.1391597e+01   1.2893795e+02
   1.5990412e+02   5.0580983e+01   2.3741118e+02
   3.0087828e+00   6.6057602e+01   5.3926397e+01
   7.0256358e+01   1.1675412e+02   6.0954925e+01
   6.7226948e+01   1.0608711e+02   3.2879668e+02
   1.7276870e+02   1.0553017e+02   1.9435381e+02
   4.8764928e+01   1.1575591e+02   3.3728496e+02
  -1.1560085e+02   6.6576956e+01   1.1437669e+02
  -8.5429625e+00   7.1016046e+01   2.4222048e+02
  -8.6044151e+01   8.6834901e+01   1.3446086e+02
   5.0127598e+01   5.3871589e+01   5.8145362e+01
   8.9282758e+01   1.1301062e+02   5.3261164e+00
  -4.8377761e+01   1.3793617e+02   6.6048552e+01
   4.5755338e+01   1.6612723e+02   1.3188543e+02
   1.6609384e+02   6.0663125e+01   1.5477740e+02
  -1.2082198e+02   1.1549132e+02   1.5356028e+02
  -1.4021273e+02   3.1132042e+01   6.1641317e+00
   8.6587131e+01   1.7127560e+02   1.1071415e+02
  -8.8577843e+01   9.3230099e+01   9.7299616e+01
   1.2284163e+02   1.5772611e+02   1.4883470e+02
  -1.2501870e+01   1.0052599e+02   1.1622117e+02
  -7.2168983e+01   1.4268354e+02   3.1090583e+02
   2.5110643e+01   1.3642995e+02   3.1220066e+02
   6.1414576e+01   1.1537981e+02   2.5850068e+02
  -1.0717049e+02   6.9668401e+01   2.2567702e+02
   1.2055690e+02   1.5287098e+02   2.2156424e+02
  -3.6956140e+01   8.5623954e+01   8.2781579e+01
  -1.2886668e+02   1.1557004e+02   3.2387819e+02
   1.0643177e+02   2.0492485e+01   1.5967341e+02
  -2.1049321e+01   1.0896460e+02   1.1300581e+02
  -5.4383603e+01   3.3794513e+01   2.2410902e+02
  -5.4438378e+01   1.5132578e+02   2.3396714e+02
   2.0023209e+02   5.1141218e+01   3.5244180e+02
  -1.0840902e+02   8.7329371e+01   3.3895716e+02
   1.7234251e+02   1.2888665e+02   2.7828974e+02
   1.5402162e+02   4.0455550e+01   2.9921072e+02
  -1.1027605e+01   1.1611859e+02   2.2561852e+02
   1.7939403e+02   6.0621152e+01   3.3120308e+02
  -1.0623208e+02   1.5271933e+02   2.0071025e+01
  -9.5230339e+01   8.5699006e+01   5.1220253e+01
   1.2083428e+02   7.4755897e+01   1.8154354e+02
  -8.6375866e+01   4.0451825e+01   2.4274466e+02
   6.4684245e+01   5.9447756e+01   6.3305527e+01
   1.5368946e+01   1.0459717e+02   1.4045795e+02
   1.3094159e+02   4.6071375e+01   3.3064952e+02
  -2.4027695e+01   1.0375284e+02   1.9432824e+01
  -1.2529220e+02   7.1277704e+01   1.0697170e+02
  -9.4359682e+01   1.1085213e+02   2.5831154e+02
   1.2644580e+02   9.0738630e+01   3.4643472e+02
   1.7291410e+02   1.0610033e+02   2.0817808e+02
   5.1576677e+01   1.3741017e+02   2.7362693e+02
   1.6371446e+02   1.0174576e+02   2.8226570e+02
   7.0922133e+01   1.1716216e+02   2.3834342e+02
  -5.2894109e+01   4.2957633e+01   3.8679212e+01
   1.6311223e+02   9.4471997e+01   2.6279318e+01
  -7.0375803e+01   1.4029381e+02   1.5228410e+02
   1.4143671e+02   1.1512886e+02   6.4053378e+01
  -9.8077160e+01   1.0093520e+02   9.3609436e+01
   5.6915002e+01   1.4929761e+02   1.5001942e+02
   1.7523152e+02   7.0770560e+01   1.4889762e+02
   1.7673393e+02   9.3347266e+01   1.3760578e+01
   1.7099844e+02   7.5720495e+01   3.4802576e+02
  -1.1845979e+01   1.0262445e+02   8.3737450e+01
   8.4217579e+01   5.8002182e+01   6.1584389e+01
   4.6979136e+01   2.9579045e+01   1.5647999e+02
  -1.1499939e+02   7.3449680e+01   3.0947458e+02
   1.7149784e+02   1.2385335e+02   2.1706151e+02
   7.8735579e+01   6.9287732e+01   2.1746618e+02
  -1.2151933e+01   2.8665028e+01   8.1011898e+01
  -9.5009416e+01   1.1232048e+02   3.4106546e+02
   1.2523440e+02   3.6137640e+01   3.1696695e+02
  -5.2259983e+01   3.4629302e+01   1.0755837e+02
  -6.8342015e+01   7.2819322e+01   1.3590630e+02
  -3.6683515e+01   3.3034412e+01   1.2935502e+02
  -1.1080460e+02   7.3013316e+01   3.5681825e+02
  -2.4181099e+01   1.2927848e+02   1.1732745e+02
  -1.5573421e+01   4.5572563e+01   3.2123789e+02
  -1.1621263e+02   7.4926430e+01   2.5561970e+01
