   4.0434161e+01   1.1509774e+02   3.5221302e+02
   3.7380633e+01   2.9035405e+01   1.1696955e+02
   9.7919848e+01   1.1690722e+02   4.0012910e+01
   5.2693936e+01   1.4952656e+01   9.1587748e+01
   2.4662306e+02   3.3936107e+01   2.0470340e+02
   1.1481596e+02   1.1792178e+02   2.6385981e+02
   2.8136610e+02   5.8613379e+01   6.6263146e+01
   2.8102913e+00   1.2972157e+02   6.2898487e+01
   2.8265214e+02   1.4934710e+02   2.2655354e+02
   2.5942732e+02   1.1392740e+02   2.9196391e+02
   1.1529568e+02   1.0910042e+02   9.9029533e+00
   2.8051673e+02   1.0990212e+02   2.0125396e+02
   9.0188140e+01   4.5688414e+01   6.8126500e+01
   1.0407908e+02   3.9757105e+01   1.0648269e+02
   1.6753838e+02   1.6966023e+02   4.3540322e+01
   8.8948699e+01   6.8909382e+01   2.5486066e+02
  -2.4380383e+00   6.4344283e+01   1.2355692e+02
   1.1480572e+02   1.3485214e+02   5.1732059e+01
   3.3112179e+00   1.1408758e+02   2.4015783e+02
  -1.8712530e+01   1.1502723e+02   2.6384252e+02
   1.1640316e+02   1.3728132e+02   1.6600287e+02
   5.8019067e+01   1.4736053e+02   1.5317144e+02
   5.5036011e+01   1.3524487e+02   5.2175378e+01
   2.8177533e+02   1.5663228e+02   1.9211236e+02
   1.3542475e+02   3.6458096e+01   1.0410125e+02
   1.5123884e+00   1.0832084e+02   6.9911041e+01
  -1.7051877e+01   5.8256707e+01   2.0705514e+02
   2.6128783e+02   1.0678275e+02   8.8686315e+00
   2.9993933e+01   3.7964643e+01   2.2430895e+02
   1.4805930e+01   2.1568594e+01   3.0252927e+02
   1.0095639e+02   6.1368681e+01   2.3767418e+02
   2.4266263e+01   9.8708765e+01   5.7060245e+01
   1.4525682e+02   1.3373081e+02   8.2539610e+00
   5.9656362e+01   3.7635630e+01   1.1741103e+02
   1.7177018e+02   6.7828219e+01   3.1172957e+02
   2.8411358e+02   1.1806370e+01   2.1577332e+02
  -3.2110886e+01   6.6598202e+01   2.3344445e+02
   1.3964949e+01   6.8378845e+01   1.7602292e+02
   1.1106695e+01   1.0195832e+02   3.5757373e+02
   2.8204727e+02   6.4604093e+01   2.4011768e+02
   1.3082615e+02   1.0957089e+01   1.8472004e+02
   9.2167188e+01   3.4928034e+01   1.3785004e+02
   2.3256145e+02   1.3505211e+02   1.9659175e+02
   5.7353217e+00   9.7562901e+01   2.6642618e+01
   8.2800034e+01   6.5156703e+01   7.3540990e+01
   1.9631716e+02   1.0066071e+02   2.9984712e+02
  -1.4152381e+01   7.4307514e+01   1.3468847e+02
   1.6974683e+02   1.1029500e+02   5.3395833e+01
   9.6254406e+01   7.1140728e+01   3.4058551e+02
   1.6203926e+02   2.8450101e+01   9.1406411e+01
   2.4984545e+02   1.0226862e+02   6.1278618e+01
   1.7362591e+02   5.3294909e+01   1.6971018e+02
   2.1807537e+02   1.7405503e+02   8.3404628e+01
   2.2275678e+02   8.7572080e+01   1.0972466e+02
   1.7793292e+02   6.4990000e+01   1.7920060e+02
   4.4303896e+01   1.2375150e+02   3.0364481e+02
  -1.3059029e+01   1.1748105e+02   2.4161975e+02
   7.1374422e+00   1.1499401e+02   2.9657022e+02
   1.2982047e+02   5.2617903e+01   2.0550751e+01
   9.3519305e+01   3.7927953e+01   5.1713173e+01
  -2.7848972e+01   5.1447705e+01   9.2473335e+01
  -3.3046726e+01   7.1509341e+01   3.2023540e+02
   1.8222572e+02   1.2970012e+01   8.9434291e+01
   1.6365666e+02   1.2027433e+02   3.2130555e+02
   1.0240404e+01   1.5737765e+02   1.8713909e+02
   6.6398119e+01   6.9727209e+01   1.3420903e+02
   2.2571477e+01   1.2654391e+02   1.1109395e+02
   2.0267619e+02   4.6292310e+01   3.4000024e+02
   2.3070734e+02   1.3530526e+02   1.5324071e+02
  -1.6209394e+00   7.1586084e+01   1.9493198e+02
   1.7487965e+02   1.2669378e+02   4.5796308e+01
   2.1418983e+02   1.4330022e+02   2.7974513e+02
   1.6886391e+02   7.5721782e+01   7.4932615e+01
   2.1520759e+02   6.8947749e+01   2.8474479e+02
   2.3047185e+02   1.5533633e+02   4.6311008e+01
   3.6345772e+01   2.6501194e+01   4.9094445e+01
   2.8216441e+02   1.1111974e+02   3.0699904e+02
   7.4819408e-01   1.2944761e+02   1.8289733e+00
   2.2860580e+02   3.4266043e+01   2.9637666e+02
   2.7432002e+02   1.1002669e+02   1.0216666e+02
  -1.3089238e+01   1.4010150e+02   1.0206273e+02
  -2.2922550e+01   1.0488636e+02   1.4101434e+02
   2.0975405e+01   3.4100587e+01   3.4334623e+02
   2.0077648e+02   1.8290971e+01   3.9590504e+01
  -1.1617916e+01   1.1225473e+02   2.4942194e+02
   1.8167120e+02   1.2599261e+02   2.3569952e+02
  -6.5357330e+00   6.9099881e+01   3.5715886e+01
  -1.2067416e+01   6.3034389e+01   1.9593351e+02
   2.8227997e+02   1.2590685e+02   1.5071818e+02
   9.0406570e+00   1.0969844e+02   3.1705750e+02
   1.0505052e+01   3.3617685e+01   5.7762826e+01
   2.9312210e+02   7.0235474e+01   1.9991740e+01
   1.6497353e+02   1.1949048e+02   3.2536221e+02
  -8.7393918e+00   5.5360289e+01   2.8626228e+01
   2.9394433e+02   1.2343219e+02   2.7555334e+02
   1.6721666e+02   1.0689471e+02   2.3957240e+02
   9.6277474e+01   1.1341821e+02   1.2500410e+02
   1.7620153e+02   1.2183529e+02   7.1063810e+01
   1.7645007e+02   9.9561340e+01   1.4618837e+02
   1.6393962e+02   1.1153435e+02   6.3961038e+01
   2.4078362e+02   3.2822792e+01   2.1114557e+02
   1.1213186e+02   1.3424635e+02   3.0990444e+02
   4.3525086e+01   6.4221414e+01   2.8512899e+02
  -1.9275994e+01   1.4345265e+02   1.0698342e+02
   2.3996739e+02   4.7491595e+01   1.2756313e+02
   8.7312538e+01   6.3032237e+01   3.3676414e+02
   2.0367026e+02   1.2833219e+02   1.1791438e+02
   3.8752391e+01   3.3132195e+01   2.3501015e+02
   2.6234800e+02   8.3051010e+01   3.1089982e+02
   1.6910597e+02   8.6995581e+01   2.6360921e+02
   1.6228962e+02   1.2417700e+02   2.1917990e+01
   2.7443499e+02   1.1412839e+02   2.4504251e+01
   8.1716210e+01   7.0490340e+01   2.4024531e+02
   2.6626554e+02   9.5492090e+01   2.6134906e+01
   1.6599833e+02   1.1887792e+02   1.6101063e+02
  -2.0615360e+01   9.1103592e+01   3.4920362e+01
   1.6642881e+02   6.9327970e+01   3.1414258e+02
   2.7380909e+01   9.3697424e+01   1.8584870e+02
   2.8198208e+02   5.6787637e+01   2.6346977e+02
   2.4340035e+01   1.0594771e+02   1.0231650e+02
   2.7857843e+02   7.9399035e+01   3.4288019e+02
   2.2102418e+00   6.4483094e+01   3.5455235e+02
   2.3401690e+02   1.3326237e+02   2.0860044e+02
  -1.2743473e+01   7.0878607e+01   1.9576127e+02
   2.1191638e+02   9.0162133e+01   3.3744404e+02
   2.2397688e+02   3.2574670e+01   3.7535727e+01
   1.7344364e+02   1.2142041e+02   3.2518222e+02
  -2.2226119e+00   1.2271635e+02   6.4230070e+01
   1.2385859e+02   1.2735820e+02   8.5905420e+01
   8.5434975e-01   6.8171403e+01   2.9431633e+02
   8.3600523e+01   1.2932875e+02   3.0416161e+02
   2.2573141e+02   3.5070621e+01   3.1435065e+02
   4.9545573e+01   3.6963739e+01   2.1943798e+02
   3.6324442e+00   6.9244976e+01   1.6265345e+02
  -4.6369488e+00   3.7425643e+01   2.2468755e+01
   1.2874723e+02   7.8198778e+01   2.7278290e+01
   5.5096725e+01   1.3381357e+02   3.2602204e+02
   2.8832444e+02   1.1870175e+02   2.8347324e+02
   3.6414783e+01   8.0511524e+01   3.8637348e+01
   2.0302469e+02   3.7796010e+01   3.3156342e+02
   2.9414835e+01   3.6673640e+01   7.8180744e+01
  -1.2791053e+01   9.2641283e+01   3.5623782e+02
   1.3754581e+02   4.2554247e+01   1.7975184e+02
   2.0637960e+02   1.3545681e+02   1.2593893e+02
   6.3347695e+01   6.9416931e+01   2.6672627e+02
   2.7032920e+02   6.8379751e+01   2.4792990e+02
   2.3398535e+02   7.7592404e+01   1.2697701e+02
  -4.2345104e+01   4.0494875e+01   2.6317645e+01
   4.5408974e+01   5.2305047e+01   2.9649717e+02
   2.7309067e+02   6.9885535e+01   3.2536251e+02
   2.2962033e+01   4.0268520e+01   1.6051627e+02
   1.9447646e+02   7.8576500e+01   8.7098836e+01
   2.0283336e+02   3.1216078e+01   2.3759889e+02
   2.5580972e+01   1.2904033e+02   2.0335813e+01
   2.8917042e+02   1.1742495e+02   2.4075885e+01
   1.8228954e+02   1.0333137e+02   3.3629156e+02
   3.1270259e+02   3.0290570e+01   2.1061718e+01
   2.2722559e+02   7.1363868e+01   2.5528515e+02
  -1.2980469e+01   1.2012289e+02   7.7386707e+01
   7.3248309e+01   6.7160709e+01   1.5385477e+02
   1.4983763e+02   5.2530508e+01   2.5133581e+02
   1.2720501e+02   1.0392507e+02   3.0252333e+02
   1.6491767e+02   1.0777211e+02   2.3163373e+02
   3.3037136e+01   1.2001906e+02   1.3573338e+02
   2.4066068e+02   1.1005983e+02   1.9181815e+02
   1.8475715e+02   1.6972284e+01   2.6889025e+02
   2.8113741e+02   1.1051924e+02   1.1826621e+02
   1.7245501e+01   1.2034304e+02   1.6728821e+02
   6.5377951e+01   2.7292365e+01   2.0009263e+01
   2.3024537e+02   1.2062965e+02   1.4387881e+02
   2.2133117e+02   1.0238863e+02   2.7566353e+02
   7.7917326e-01   1.6127064e+02   1.6822132e+02
   2.6779667e+02   6.1597305e+01   3.5902763e+02
   2.7370717e+02   6.5289985e+01   3.4231339e+02
   2.0124911e+02   5.6570800e+01   3.1759389e+02
   2.7513288e+02   1.1044203e+02   2.1375658e+02
   2.2402190e+02   9.6381512e+01   9.9026845e+01
  -3.3547477e+00   1.1402926e+02   3.4199963e+02
   3.3359877e+00   6.0157966e+01   1.1602084e+02
   8.3910483e+01   1.4001285e+02   2.5688626e+02
   2.3621658e+01   6.1974764e+00   4.7963335e+01
  -3.9517308e+00   6.8009628e+01   2.0952052e+02
   1.6177951e+02   6.9023508e+01   1.2358931e+02
   2.7299169e+02   6.1171773e+01   1.6508576e+02
   4.0335729e+01   3.9831931e+01   4.4559584e+01
   4.9445855e+01   9.6648050e+01   1.8780183e+02
   9.6023063e+01   1.3398992e+02   1.1906776e+02
   2.6196981e+02   1.2652075e+02   3.0527255e+02
   7.0575083e+01   1.1217013e+02   2.5011793e+02
   1.9336738e+02   1.3087297e+02   3.3235188e+02
   5.2251538e+01   8.6113520e+01   3.0926405e+02
   9.8737228e+01   7.9152076e+01   2.5489981e+02
  -4.3308997e+01   9.7869928e+01   3.2887635e+02
   6.7627475e+01   3.8484929e+01   3.1335202e+02
   1.6791329e+02   7.4717573e+01   3.3995269e+01
   8.9626133e+01   6.0730089e+01   6.1604547e+01
   1.9299302e+02   1.3404326e+02   2.7733974e+02
   1.3749227e+02   8.9080243e+01   2.6902152e+02
   2.7112765e+02   6.3215216e+01   2.5350940e+02
   9.5676430e+01   1.1015974e+02   2.9031708e+02
  -1.7600672e+01   6.2946905e+01   2.1548443e+02
   3.0218163e+02   5.2154008e+01   2.4452498e+02
   2.8483838e+00   6.7412173e+01   1.0788997e+02
   1.6990078e+02   8.5176113e+01   1.9455891e+02
   9.1314340e+01   1.3746994e+02   3.3357411e+02
   2.4633186e+02   1.3023796e+02   1.5885054e+02
   2.2239760e+02   1.3979026e+02   4.8178497e+01
   9.8326562e+01   9.6251794e+01   2.5396253e+02
  -1.1686739e+01   6.6116891e+01   1.1742111e+02
   3.2263752e+01   3.1852721e+01   3.1582276e+02
   1.1398226e+02   1.0549682e+02   3.1608543e+02
   2.3877173e+02   9.0963903e+01   2.7765092e+02
   4.6108390e+01   1.3840391e+02   2.2728470e+02
   1.1491301e+02   1.0795759e+02   2.0995169e+02
   2.7321477e+02   1.0606341e+02   2.0303693e+02
   1.4879868e+02   6.6563752e+01   2.0757185e+02
   2.0708473e+02   2.3366499e+01   6.7776069e+01
   1.0263613e+02   6.1090512e+01   1.5784684e+02
   2.7609316e+02   1.1056697e+02   2.0030340e+02
   2.2782361e+02   1.5578224e+02   1.5380285e+02
   1.1822292e+02   8.6858063e+01   3.4663598e+02
  -3.9877231e+01   1.2325359e+02   1.1054083e+01
   6.9568834e+01   9.2722639e+01   1.9027071e+02
   5.3284973e+01   1.5590048e+02   9.6401747e+01
   9.9689358e+01   5.1170816e+01   6.9472678e+01
   1.6783560e+02   1.1581770e+02   2.3730546e+02
   3.7796736e+01   1.2689534e+02   6.2593872e+01
  -1.0432989e+01   1.0827551e+02   6.0589923e+01
   5.2473456e-01   6.8637941e+01   1.2089642e+02
   1.0181041e+02   1.0944999e+02   3.0632570e+02
   2.0103628e+02   8.7346581e+01   6.6216791e+01
   8.6219556e+01   6.2820662e+01   1.0650802e+02
  -8.3542094e+00   6.5654077e+01   1.2248174e+02
   5.5941005e+01   3.0610848e+01   2.9315046e+02
   1.6372273e+02   1.0483307e+02   2.4312770e+02
   1.6067460e+02   1.1075982e+02   1.3626252e+02
   2.4358770e+01   1.5206786e+02   1.3592215e+02
  -1.5940877e+00   9.9087362e+01   2.2833623e+02
   1.8962388e+02   1.4722830e+02   1.3680393e+02
   1.7360337e+02   1.0595421e+02   3.3043463e+02
   6.7346543e+01   8.8448949e+01   1.6700904e+02
  -1.9700084e+01   8.2416453e+01   2.7205850e+02
   2.8340423e+02   1.1485815e+02   1.2038739e+02
   1.8898511e+02   1.1437488e+02   9.2014306e+01
   2.6060336e+02   4.2509231e+01   2.4536915e+02
  -8.5212971e+00   6.1814415e+01   1.4628612e+01
   3.5076805e+01   2.9130629e+01   3.1776716e+02
   5.2363124e+01   2.4300922e+01   5.5225166e+01
   7.8249621e+01   7.0925439e+01   1.6347082e+02
   3.1186906e+01   2.2474791e+01   2.8692486e+02
  -1.2165928e+01   3.9125615e+01   2.0367575e+02
   2.2109414e+02   1.5938119e+02   2.3719294e+02
   7.6089563e+01   1.2691772e+02   2.8402822e+02
   2.0267130e+02   4.2682385e+01   3.2336040e+02
   4.5942189e+01   3.1036655e+01   2.1867494e+02
   2.9528839e+01   6.4824124e+01   2.7066691e+02
   1.7677942e+02   1.4645049e+02   2.4274790e+02
   2.7606554e+02   1.1942026e+02   2.6339237e+02
   2.1290827e+02   1.0768790e+02   1.3030316e+02
   1.7816008e+02   6.5629941e+01   1.2817319e+02
   2.6647939e+02   3.7518009e+01   3.2230431e+02
   2.5676956e+02   6.4034504e+01   3.4982880e+02
   9.4078811e+01   1.0653368e+02   1.9183900e+02
  -3.7955735e+01   1.1856634e+02   4.0622943e+00
   1.6531511e+02   6.2778840e+01   3.0676207e+02
   7.4247321e+01   1.3803454e+02   1.9632069e+02
  -2.4748775e+01   5.8779080e+01   2.5521374e+02
  -1.0972211e+01   6.9109522e+01   2.1586270e+02
   7.0697110e+01   1.5362477e+02   6.8771516e+01
   1.9715239e+02   5.2439087e+01   3.3442751e+02
   4.0709056e+01   1.1816402e+02   1.2268025e+01
   5.3531835e+01   1.3876301e+02   3.2105712e+02
   8.0632821e+01   1.2458057e+02   1.0633846e+02
   2.4375472e+02   3.3056611e+01   2.9540339e+02
   1.2597648e+02   5.3132020e+01   3.2941945e+02
   9.4159859e+01   1.2123113e+02   2.0578640e+02
  -2.5169965e+01   9.8101862e+01   2.0810633e+02
   2.5757312e+02   3.9076315e+01   5.0557634e+01
  -1.0950382e+01   5.5071243e+01   3.1338243e+02
  -1.2202967e+01   5.5271304e+01   1.1523274e+02
   1.7095499e+02   5.6159837e+01   1.1122616e+02
   1.7534945e+02   5.7802942e+01   2.9045221e+02
   1.0008062e+02   1.2566130e+02   3.1100280e+02
  -8.1863150e+00   1.1786829e+02   3.2556013e+02
   2.2847557e+02   1.3558899e+02   4.0791984e+01
   5.5603135e+01   1.1805344e+02   8.9250967e+01
   3.0241566e+02   1.2557192e+02   1.7026170e+01
  -1.3415802e+01   1.0436201e+02   7.1501038e+01
  -2.8116335e+01   5.3239685e+01   1.0733212e+02
   2.7174287e+02   1.1347718e+02   2.9564933e+02
   4.3114666e+01   1.5031587e+02   2.2743556e+02
   1.7734500e+02   1.2094998e+02   3.5624461e+02
   1.0293010e+02   1.0829375e+02   2.1124389e+02
  -3.8920574e+00   1.1649775e+02   1.6057365e+02
   3.0366184e+02   5.6099852e+01   3.5042375e+02
   4.7972405e-01   1.1625522e+02   1.8006702e+02
   2.6636393e+02   1.1138449e+02   2.7982050e+02
   8.8705639e+01   8.7956690e+01   2.1223294e+02
   2.8488071e+02   6.4482160e+01   3.3454856e+02
   5.3520147e+01   1.1816974e+02   2.6362858e+02
   2.4676768e+02   3.0552898e+01   1.1144874e+02
   2.8909175e-01   6.9544491e+01   2.1096110e+02
   1.4838922e+00   7.6255925e+01   3.5838132e+02
   9.3955200e+01   9.9683523e+01   3.4272401e+02
   1.0369514e+02   6.8589208e+01   1.4129120e+02
   1.7203069e+02   1.0738281e+02   1.4027570e+02
   4.7193930e+01   1.2231407e+02   3.1354082e+02
   1.7193878e+02   1.1937521e+02   3.2097360e+02
   4.3332517e+00   1.2089187e+02   3.3227321e+02
   6.7749585e+01   1.1129017e+02   1.6608693e+00
  -1.7425907e+01   7.0933699e+01   2.6226749e+01
   2.6266270e+02   1.1351446e+02   3.2050206e+02
   2.4053563e+02   9.4207553e+01   8.7798909e+01
   1.7954637e+02   4.9854350e+01   3.1277167e+01
   1.5376277e+02   9.5819066e+01   3.2311053e+02
   4.0115328e+01   2.3725329e+01   3.2366500e+02
   4.0402500e+01   9.5918326e+01   9.3658661e+01
   6.5082946e+01   1.4949891e+02   2.6843340e+02
   6.6606441e+01   1.4762767e+02   3.2884049e+02
  -1.5894969e+01   1.1389395e+02   1.3884776e+02
   3.5510625e+01   1.2814946e+02   1.4341595e+02
   3.0646724e+01   1.3959225e+02   2.1680286e+02
   1.2937179e+01   8.3435311e+01   2.4770404e+02
   2.7556533e+02   2.6597852e+01   8.4316323e-01
   1.6439522e+02   6.8971096e+01   2.0840314e+02
   2.3441450e+02   7.6699733e+01   3.0255870e+02
   8.6894489e+01   6.0144533e+01   1.5363462e+02
   2.7159978e+02   5.1139804e+01   2.8500254e+02
   2.4318094e+02   8.2578922e+01   9.8716262e+01
  -1.4973378e+01   8.5659288e+01   3.0510098e+02
   1.3678528e+01   1.6910550e+02   1.0865671e+02
   2.8135508e+02   1.0945825e+02   1.0730978e+02
   2.9325567e+02   7.2524673e+01   3.1549675e+02
  -3.5577986e+01   1.1499004e+02   5.1255537e+01
  -9.8931861e+00   5.9444479e+01   2.4945021e+01
   7.1068692e+01   7.1944692e+01   2.5092960e+02
   2.8690814e+01   4.1959704e+01   7.4622995e+01
   3.0686988e+01   3.7720061e+01   2.2498397e+02
   1.4486353e+02   6.4795777e+01   6.7427995e+01
   4.5931314e+01   1.5944655e+02   1.3967420e+02
  -3.2791657e+01   6.2090044e+01   1.3425260e+02
   5.5556914e+00   1.2498679e+02   3.3321253e+02
   1.1723232e+01   5.9488968e+01   2.5737256e+02
   1.7239704e+02   1.5101918e+02   1.5282899e+02
   1.6351442e+02   5.6160497e+01   1.0757857e+02
   2.1081319e+02   3.3280781e+01   6.8603019e+01
   1.4952649e+02   1.6518030e+02   2.4393457e+02
   5.7723752e+01   2.4099824e+01   3.0643463e+02
   2.9167716e+02   1.0793495e+02   3.0574845e+02
   2.9923412e+02   1.0751839e+02   1.2063281e+02
   1.8212111e+02   7.0379451e+01   3.4132942e+02
   1.6333420e+02   1.0943085e+02   3.2219173e+02
  -8.9219759e+00   1.1750216e+02   1.2730609e+02
   8.0161769e+01   5.1337149e+01   3.4066469e+02
   1.7555761e+02   9.7030253e+01   2.3253254e+02
   1.8265121e+02   5.5484573e+01   1.1161959e+02
   1.7103907e+02   8.0493296e+01   4.1291844e+01
   3.7992193e+01   1.4879703e+02   3.9473698e+01
  -2.7737535e+01   5.4039371e+01   3.2879352e+02
   2.6638066e+02   1.0278027e+02   2.8796153e+02
   9.9544802e+01   1.1285442e+02   1.1410131e+02
   2.7758194e+02   1.0948489e+02   2.2241732e+02
   1.1399912e+02   6.6251958e+01   2.4176860e+02
   1.6164449e+02   6.4695381e+01   2.2890294e+02
   3.6238167e+01   1.4711443e+02   3.3189609e+02
   2.8034561e+02   7.6498947e+01   2.4013158e+02
   3.3770066e+01   1.5420886e+02   2.9560203e+01
   8.3974459e+01   1.4801897e+02   4.9637762e+00
   9.7392454e+01   5.7239952e+01   1.6005011e+02
  -8.5600450e+00   6.5498984e+01   1.9934478e+02
   1.5736759e+01   4.7036288e+01   1.4356701e+02
   9.4462218e+01   1.1513893e+02   2.3333036e+01
   2.1993959e+02   9.0071973e+01   1.2101803e+01
   1.4507375e+02   1.3055108e+02   1.9129767e+02
   2.1046746e+02   1.4541693e+02   2.6555646e+02
   2.7096410e+02   1.3029834e+02   1.2743336e+02
   2.3483534e+02   1.4393648e+02   3.2583585e+02
   1.3342952e+02   1.2513307e+02   2.4964604e+02
   1.5670147e+02   1.2083095e+02   5.2312641e+01
   2.4086426e+02   8.3986534e+01   1.9668082e+02
   2.9425699e+01   1.4534554e+02   1.1702548e+02
   2.9406558e+02   1.4796832e+02   2.0839222e+02
   4.8023787e+01   1.5306154e+02   2.2623427e+02
   1.9130107e+02   2.8382887e+01   3.2305016e+02
   5.7278779e+01   3.3633252e+01   1.1594788e+02
   4.2605213e+01   8.9072539e+01   3.2045415e+02
   7.4315295e+01   1.4834328e+02   3.3680751e+02
   2.8179484e+02   1.0533942e+02   2.5190134e+01
   5.5611324e+01   1.4823583e+01   1.0938446e+02
   1.7177565e+02   1.2010991e+02   2.4089163e+02
  -1.0986932e+01   6.4007355e+01   9.5174588e+01
   1.9992557e+02   6.4767019e+01   2.4034946e+02
   8.4408287e+01   1.1335469e+02   3.2432910e+01
   9.7649853e+01   6.8425884e+01   2.3636090e+02
   1.7824774e+02   6.2056891e+01   1.1765694e+02
   2.9017962e+02   1.1434078e+02   1.1086073e+02
   5.0767463e+01   3.5380145e+01   3.5072257e+01
   1.6122206e+02   2.7113370e+01   2.2842449e+02
   4.9955475e+01   1.3883891e+02   2.2808617e+02
   1.8582592e+02   1.0512830e+02   2.3638397e+02
   1.9000282e+02   1.9712350e+01   3.2961723e+02
   2.8286490e+02   1.0086655e+02   2.0171249e+02
   1.8465212e+02   1.4323397e+02   3.5894663e+01
   2.9860340e+02   1.1180143e+02   3.0234158e+02
   2.7359161e+02   7.5542067e+01   6.2778280e+01
   3.0496361e+02   1.5685946e+02   1.3731363e+02
   2.5046797e+02   1.4252907e+02   3.3047322e+02
   1.8444709e+02   1.0210954e+02   2.0434180e+02
   2.4329526e+02   7.8713057e+01   1.8061041e+01
   2.7156938e+02   1.6795461e+02   1.7279306e+02
   2.9944371e+02   1.1352245e+02   8.3856249e+00
   2.2011120e+02   1.4541219e+02   3.2866391e+02
   6.6809895e+01   1.0775957e+02   1.5832046e+02
   1.7259307e+02   6.7890652e+01   8.7245779e+01
   5.3724369e+01   1.0905156e+02   2.9211655e+02
  -1.8704387e+01   1.3827485e+02   1.5815379e+02
   2.6146793e+02   4.9545901e+01   7.3425642e+01
   7.2857478e+00   8.6211950e+01   3.1960944e+02
   1.7900066e+02   5.1900293e+01   2.9056811e+02
  -1.1699629e+01   6.3465606e+01   3.1330490e+02
   7.2185761e+01   3.6050939e+01   3.7560797e+01
   1.8350425e+02   6.8816024e+01   1.9563436e+02
  -7.6872024e+00   9.1391597e+01   1.2893795e+02
   2.6490412e+02   5.0580983e+01   2.3741118e+02
   1.0800878e+02   6.6057602e+01   5.3926397e+01
   1.7525636e+02   1.1675412e+02   6.0954925e+01
   1.7222695e+02   1.0608711e+02   3.2879668e+02
   2.7776870e+02   1.0553017e+02   1.9435381e+02
   1.5376493e+02   1.1575591e+02   3.3728496e+02
  -1.0600848e+01   6.6576956e+01   1.1437669e+02
   9.6457038e+01   7.1016046e+01   2.4222048e+02
   1.8955849e+01   8.6834901e+01   1.3446086e+02
   1.5512760e+02   5.3871589e+01   5.8145362e+01
   1.9428276e+02   1.1301062e+02   5.3261164e+00
   5.6622239e+01   1.3793617e+02   6.6048552e+01
   1.5075534e+02   1.6612723e+02   1.3188543e+02
   2.7109384e+02   6.0663125e+01   1.5477740e+02
  -1.5821982e+01   1.1549132e+02   1.5356028e+02
  -3.5212731e+01   3.1132042e+01   6.1641317e+00
   1.9158713e+02   1.7127560e+02   1.1071415e+02
   1.6422157e+01   9.3230099e+01   9.7299616e+01
   2.2784163e+02   1.5772611e+02   1.4883470e+02
   9.2498130e+01   1.0052599e+02   1.1622117e+02
   3.2831017e+01   1.4268354e+02   3.1090583e+02
   1.3011064e+02   1.3642995e+02   3.1220066e+02
   1.6641458e+02   1.1537981e+02   2.5850068e+02
  -2.1704853e+00   6.9668401e+01   2.2567702e+02
   2.2555690e+02   1.5287098e+02   2.2156424e+02
   6.8043860e+01   8.5623954e+01   8.2781579e+01
  -2.3866682e+01   1.1557004e+02   3.2387819e+02
   2.1143177e+02   2.0492485e+01   1.5967341e+02
   8.3950679e+01   1.0896460e+02   1.1300581e+02
   5.0616397e+01   3.3794513e+01   2.2410902e+02
   5.0561622e+01   1.5132578e+02   2.3396714e+02
   3.0523209e+02   5.1141218e+01   3.5244180e+02
  -3.4090192e+00   8.7329371e+01   3.3895716e+02
   2.7734251e+02   1.2888665e+02   2.7828974e+02
   2.5902162e+02   4.0455550e+01   2.9921072e+02
   9.3972395e+01   1.1611859e+02   2.2561852e+02
   2.8439403e+02   6.0621152e+01   3.3120308e+02
  -1.2320767e+00   1.5271933e+02   2.0071025e+01
   9.7696613e+00   8.5699006e+01   5.1220253e+01
   2.2583428e+02   7.4755897e+01   1.8154354e+02
   1.8624134e+01   4.0451825e+01   2.4274466e+02
   1.6968425e+02   5.9447756e+01   6.3305527e+01
   1.2036895e+02   1.0459717e+02   1.4045795e+02
   2.3594159e+02   4.6071375e+01   3.3064952e+02
   8.0972305e+01   1.0375284e+02   1.9432824e+01
  -2.0292196e+01   7.1277704e+01   1.0697170e+02
   1.0640318e+01   1.1085213e+02   2.5831154e+02
   2.3144580e+02   9.0738630e+01   3.4643472e+02
   2.7791410e+02   1.0610033e+02   2.0817808e+02
   1.5657668e+02   1.3741017e+02   2.7362693e+02
   2.6871446e+02   1.0174576e+02   2.8226570e+02
   1.7592213e+02   1.1716216e+02   2.3834342e+02
   5.2105891e+01   4.2957633e+01   3.8679212e+01
   2.6811223e+02   9.4471997e+01   2.6279318e+01
   3.4624197e+01   1.4029381e+02   1.5228410e+02
   2.4643671e+02   1.1512886e+02   6.4053378e+01
   6.9228402e+00   1.0093520e+02   9.3609436e+01
   1.6191500e+02   1.4929761e+02   1.5001942e+02
   2.8023152e+02   7.0770560e+01   1.4889762e+02
   2.8173393e+02   9.3347266e+01   1.3760578e+01
   2.7599844e+02   7.5720495e+01   3.4802576e+02
   9.3154021e+01   1.0262445e+02   8.3737450e+01
   1.8921758e+02   5.8002182e+01   6.1584389e+01
   1.5197914e+02   2.9579045e+01   1.5647999e+02
  -9.9993861e+00   7.3449680e+01   3.0947458e+02
   2.7649784e+02   1.2385335e+02   2.1706151e+02
   1.8373558e+02   6.9287732e+01   2.1746618e+02
   9.2848067e+01   2.8665028e+01   8.1011898e+01
   9.9905840e+00   1.1232048e+02   3.4106546e+02
   2.3023440e+02   3.6137640e+01   3.1696695e+02
   5.2740017e+01   3.4629302e+01   1.0755837e+02
   3.6657985e+01   7.2819322e+01   1.3590630e+02
   6.8316485e+01   3.3034412e+01   1.2935502e+02
  -5.8045977e+00   7.3013316e+01   3.5681825e+02
   8.0818901e+01   1.2927848e+02   1.1732745e+02
   8.9426579e+01   4.5572563e+01   3.2123789e+02
  -1.1212628e+01   7.4926430e+01   2.5561970e+01
