   8.5434161e+01   1.1509774e+02   3.5221302e+02
   8.2380633e+01   2.9035405e+01   1.1696955e+02
   1.4291985e+02   1.1690722e+02   4.0012910e+01
   9.7693936e+01   1.4952656e+01   9.1587748e+01
   2.9162306e+02   3.3936107e+01   2.0470340e+02
   1.5981596e+02   1.1792178e+02   2.6385981e+02
   3.2636610e+02   5.8613379e+01   6.6263146e+01
   4.7810291e+01   1.2972157e+02   6.2898487e+01
   3.2765214e+02   1.4934710e+02   2.2655354e+02
   3.0442732e+02   1.1392740e+02   2.9196391e+02
   1.6029568e+02   1.0910042e+02   9.9029533e+00
   3.2551673e+02   1.0990212e+02   2.0125396e+02
   1.3518814e+02   4.5688414e+01   6.8126500e+01
   1.4907908e+02   3.9757105e+01   1.0648269e+02
   2.1253838e+02   1.6966023e+02   4.3540322e+01
   1.3394870e+02   6.8909382e+01   2.5486066e+02
   4.2561962e+01   6.4344283e+01   1.2355692e+02
   1.5980572e+02   1.3485214e+02   5.1732059e+01
   4.8311218e+01   1.1408758e+02   2.4015783e+02
   2.6287470e+01   1.1502723e+02   2.6384252e+02
   1.6140316e+02   1.3728132e+02   1.6600287e+02
   1.0301907e+02   1.4736053e+02   1.5317144e+02
   1.0003601e+02   1.3524487e+02   5.2175378e+01
   3.2677533e+02   1.5663228e+02   1.9211236e+02
   1.8042475e+02   3.6458096e+01   1.0410125e+02
   4.6512388e+01   1.0832084e+02   6.9911041e+01
   2.7948123e+01   5.8256707e+01   2.0705514e+02
   3.0628783e+02   1.0678275e+02   8.8686315e+00
   7.4993933e+01   3.7964643e+01   2.2430895e+02
   5.9805930e+01   2.1568594e+01   3.0252927e+02
   1.4595639e+02   6.1368681e+01   2.3767418e+02
   6.9266263e+01   9.8708765e+01   5.7060245e+01
   1.9025682e+02   1.3373081e+02   8.2539610e+00
   1.0465636e+02   3.7635630e+01   1.1741103e+02
   2.1677018e+02   6.7828219e+01   3.1172957e+02
   3.2911358e+02   1.1806370e+01   2.1577332e+02
   1.2889114e+01   6.6598202e+01   2.3344445e+02
   5.8964949e+01   6.8378845e+01   1.7602292e+02
   5.6106695e+01   1.0195832e+02   3.5757373e+02
   3.2704727e+02   6.4604093e+01   2.4011768e+02
   1.7582615e+02   1.0957089e+01   1.8472004e+02
   1.3716719e+02   3.4928034e+01   1.3785004e+02
   2.7756145e+02   1.3505211e+02   1.9659175e+02
   5.0735322e+01   9.7562901e+01   2.6642618e+01
   1.2780003e+02   6.5156703e+01   7.3540990e+01
   2.4131716e+02   1.0066071e+02   2.9984712e+02
   3.0847619e+01   7.4307514e+01   1.3468847e+02
   2.1474683e+02   1.1029500e+02   5.3395833e+01
   1.4125441e+02   7.1140728e+01   3.4058551e+02
   2.0703926e+02   2.8450101e+01   9.1406411e+01
   2.9484545e+02   1.0226862e+02   6.1278618e+01
   2.1862591e+02   5.3294909e+01   1.6971018e+02
   2.6307537e+02   1.7405503e+02   8.3404628e+01
   2.6775678e+02   8.7572080e+01   1.0972466e+02
   2.2293292e+02   6.4990000e+01   1.7920060e+02
   8.9303896e+01   1.2375150e+02   3.0364481e+02
   3.1940971e+01   1.1748105e+02   2.4161975e+02
   5.2137442e+01   1.1499401e+02   2.9657022e+02
   1.7482047e+02   5.2617903e+01   2.0550751e+01
   1.3851931e+02   3.7927953e+01   5.1713173e+01
   1.7151028e+01   5.1447705e+01   9.2473335e+01
   1.1953274e+01   7.1509341e+01   3.2023540e+02
   2.2722572e+02   1.2970012e+01   8.9434291e+01
   2.0865666e+02   1.2027433e+02   3.2130555e+02
   5.5240404e+01   1.5737765e+02   1.8713909e+02
   1.1139812e+02   6.9727209e+01   1.3420903e+02
   6.7571477e+01   1.2654391e+02   1.1109395e+02
   2.4767619e+02   4.6292310e+01   3.4000024e+02
   2.7570734e+02   1.3530526e+02   1.5324071e+02
   4.3379061e+01   7.1586084e+01   1.9493198e+02
   2.1987965e+02   1.2669378e+02   4.5796308e+01
   2.5918983e+02   1.4330022e+02   2.7974513e+02
   2.1386391e+02   7.5721782e+01   7.4932615e+01
   2.6020759e+02   6.8947749e+01   2.8474479e+02
   2.7547185e+02   1.5533633e+02   4.6311008e+01
   8.1345772e+01   2.6501194e+01   4.9094445e+01
   3.2716441e+02   1.1111974e+02   3.0699904e+02
   4.5748194e+01   1.2944761e+02   1.8289733e+00
   2.7360580e+02   3.4266043e+01   2.9637666e+02
   3.1932002e+02   1.1002669e+02   1.0216666e+02
   3.1910762e+01   1.4010150e+02   1.0206273e+02
   2.2077450e+01   1.0488636e+02   1.4101434e+02
   6.5975405e+01   3.4100587e+01   3.4334623e+02
   2.4577648e+02   1.8290971e+01   3.9590504e+01
   3.3382084e+01   1.1225473e+02   2.4942194e+02
   2.2667120e+02   1.2599261e+02   2.3569952e+02
   3.8464267e+01   6.9099881e+01   3.5715886e+01
   3.2932584e+01   6.3034389e+01   1.9593351e+02
   3.2727997e+02   1.2590685e+02   1.5071818e+02
   5.4040657e+01   1.0969844e+02   3.1705750e+02
   5.5505052e+01   3.3617685e+01   5.7762826e+01
   3.3812210e+02   7.0235474e+01   1.9991740e+01
   2.0997353e+02   1.1949048e+02   3.2536221e+02
   3.6260608e+01   5.5360289e+01   2.8626228e+01
   3.3894433e+02   1.2343219e+02   2.7555334e+02
   2.1221666e+02   1.0689471e+02   2.3957240e+02
   1.4127747e+02   1.1341821e+02   1.2500410e+02
   2.2120153e+02   1.2183529e+02   7.1063810e+01
   2.2145007e+02   9.9561340e+01   1.4618837e+02
   2.0893962e+02   1.1153435e+02   6.3961038e+01
   2.8578362e+02   3.2822792e+01   2.1114557e+02
   1.5713186e+02   1.3424635e+02   3.0990444e+02
   8.8525086e+01   6.4221414e+01   2.8512899e+02
   2.5724006e+01   1.4345265e+02   1.0698342e+02
   2.8496739e+02   4.7491595e+01   1.2756313e+02
   1.3231254e+02   6.3032237e+01   3.3676414e+02
   2.4867026e+02   1.2833219e+02   1.1791438e+02
   8.3752391e+01   3.3132195e+01   2.3501015e+02
   3.0734800e+02   8.3051010e+01   3.1089982e+02
   2.1410597e+02   8.6995581e+01   2.6360921e+02
   2.0728962e+02   1.2417700e+02   2.1917990e+01
   3.1943499e+02   1.1412839e+02   2.4504251e+01
   1.2671621e+02   7.0490340e+01   2.4024531e+02
   3.1126554e+02   9.5492090e+01   2.6134906e+01
   2.1099833e+02   1.1887792e+02   1.6101063e+02
   2.4384640e+01   9.1103592e+01   3.4920362e+01
   2.1142881e+02   6.9327970e+01   3.1414258e+02
   7.2380909e+01   9.3697424e+01   1.8584870e+02
   3.2698208e+02   5.6787637e+01   2.6346977e+02
   6.9340035e+01   1.0594771e+02   1.0231650e+02
   3.2357843e+02   7.9399035e+01   3.4288019e+02
   4.7210242e+01   6.4483094e+01   3.5455235e+02
   2.7901690e+02   1.3326237e+02   2.0860044e+02
   3.2256527e+01   7.0878607e+01   1.9576127e+02
   2.5691638e+02   9.0162133e+01   3.3744404e+02
   2.6897688e+02   3.2574670e+01   3.7535727e+01
   2.1844364e+02   1.2142041e+02   3.2518222e+02
   4.2777388e+01   1.2271635e+02   6.4230070e+01
   1.6885859e+02   1.2735820e+02   8.5905420e+01
   4.5854350e+01   6.8171403e+01   2.9431633e+02
   1.2860052e+02   1.2932875e+02   3.0416161e+02
   2.7073141e+02   3.5070621e+01   3.1435065e+02
   9.4545573e+01   3.6963739e+01   2.1943798e+02
   4.8632444e+01   6.9244976e+01   1.6265345e+02
   4.0363051e+01   3.7425643e+01   2.2468755e+01
   1.7374723e+02   7.8198778e+01   2.7278290e+01
   1.0009672e+02   1.3381357e+02   3.2602204e+02
   3.3332444e+02   1.1870175e+02   2.8347324e+02
   8.1414783e+01   8.0511524e+01   3.8637348e+01
   2.4802469e+02   3.7796010e+01   3.3156342e+02
   7.4414835e+01   3.6673640e+01   7.8180744e+01
   3.2208947e+01   9.2641283e+01   3.5623782e+02
   1.8254581e+02   4.2554247e+01   1.7975184e+02
   2.5137960e+02   1.3545681e+02   1.2593893e+02
   1.0834770e+02   6.9416931e+01   2.6672627e+02
   3.1532920e+02   6.8379751e+01   2.4792990e+02
   2.7898535e+02   7.7592404e+01   1.2697701e+02
   2.6548956e+00   4.0494875e+01   2.6317645e+01
   9.0408974e+01   5.2305047e+01   2.9649717e+02
   3.1809067e+02   6.9885535e+01   3.2536251e+02
   6.7962033e+01   4.0268520e+01   1.6051627e+02
   2.3947646e+02   7.8576500e+01   8.7098836e+01
   2.4783336e+02   3.1216078e+01   2.3759889e+02
   7.0580972e+01   1.2904033e+02   2.0335813e+01
   3.3417042e+02   1.1742495e+02   2.4075885e+01
   2.2728954e+02   1.0333137e+02   3.3629156e+02
   3.5770259e+02   3.0290570e+01   2.1061718e+01
   2.7222559e+02   7.1363868e+01   2.5528515e+02
   3.2019531e+01   1.2012289e+02   7.7386707e+01
   1.1824831e+02   6.7160709e+01   1.5385477e+02
   1.9483763e+02   5.2530508e+01   2.5133581e+02
   1.7220501e+02   1.0392507e+02   3.0252333e+02
   2.0991767e+02   1.0777211e+02   2.3163373e+02
   7.8037136e+01   1.2001906e+02   1.3573338e+02
   2.8566068e+02   1.1005983e+02   1.9181815e+02
   2.2975715e+02   1.6972284e+01   2.6889025e+02
   3.2613741e+02   1.1051924e+02   1.1826621e+02
   6.2245501e+01   1.2034304e+02   1.6728821e+02
   1.1037795e+02   2.7292365e+01   2.0009263e+01
   2.7524537e+02   1.2062965e+02   1.4387881e+02
   2.6633117e+02   1.0238863e+02   2.7566353e+02
   4.5779173e+01   1.6127064e+02   1.6822132e+02
   3.1279667e+02   6.1597305e+01   3.5902763e+02
   3.1870717e+02   6.5289985e+01   3.4231339e+02
   2.4624911e+02   5.6570800e+01   3.1759389e+02
   3.2013288e+02   1.1044203e+02   2.1375658e+02
   2.6902190e+02   9.6381512e+01   9.9026845e+01
   4.1645252e+01   1.1402926e+02   3.4199963e+02
   4.8335988e+01   6.0157966e+01   1.1602084e+02
   1.2891048e+02   1.4001285e+02   2.5688626e+02
   6.8621658e+01   6.1974764e+00   4.7963335e+01
   4.1048269e+01   6.8009628e+01   2.0952052e+02
   2.0677951e+02   6.9023508e+01   1.2358931e+02
   3.1799169e+02   6.1171773e+01   1.6508576e+02
   8.5335729e+01   3.9831931e+01   4.4559584e+01
   9.4445855e+01   9.6648050e+01   1.8780183e+02
   1.4102306e+02   1.3398992e+02   1.1906776e+02
   3.0696981e+02   1.2652075e+02   3.0527255e+02
   1.1557508e+02   1.1217013e+02   2.5011793e+02
   2.3836738e+02   1.3087297e+02   3.3235188e+02
   9.7251538e+01   8.6113520e+01   3.0926405e+02
   1.4373723e+02   7.9152076e+01   2.5489981e+02
   1.6910035e+00   9.7869928e+01   3.2887635e+02
   1.1262747e+02   3.8484929e+01   3.1335202e+02
   2.1291329e+02   7.4717573e+01   3.3995269e+01
   1.3462613e+02   6.0730089e+01   6.1604547e+01
   2.3799302e+02   1.3404326e+02   2.7733974e+02
   1.8249227e+02   8.9080243e+01   2.6902152e+02
   3.1612765e+02   6.3215216e+01   2.5350940e+02
   1.4067643e+02   1.1015974e+02   2.9031708e+02
   2.7399328e+01   6.2946905e+01   2.1548443e+02
   3.4718163e+02   5.2154008e+01   2.4452498e+02
   4.7848384e+01   6.7412173e+01   1.0788997e+02
   2.1490078e+02   8.5176113e+01   1.9455891e+02
   1.3631434e+02   1.3746994e+02   3.3357411e+02
   2.9133186e+02   1.3023796e+02   1.5885054e+02
   2.6739760e+02   1.3979026e+02   4.8178497e+01
   1.4332656e+02   9.6251794e+01   2.5396253e+02
   3.3313261e+01   6.6116891e+01   1.1742111e+02
   7.7263752e+01   3.1852721e+01   3.1582276e+02
   1.5898226e+02   1.0549682e+02   3.1608543e+02
   2.8377173e+02   9.0963903e+01   2.7765092e+02
   9.1108390e+01   1.3840391e+02   2.2728470e+02
   1.5991301e+02   1.0795759e+02   2.0995169e+02
   3.1821477e+02   1.0606341e+02   2.0303693e+02
   1.9379868e+02   6.6563752e+01   2.0757185e+02
   2.5208473e+02   2.3366499e+01   6.7776069e+01
   1.4763613e+02   6.1090512e+01   1.5784684e+02
   3.2109316e+02   1.1056697e+02   2.0030340e+02
   2.7282361e+02   1.5578224e+02   1.5380285e+02
   1.6322292e+02   8.6858063e+01   3.4663598e+02
   5.1227694e+00   1.2325359e+02   1.1054083e+01
   1.1456883e+02   9.2722639e+01   1.9027071e+02
   9.8284973e+01   1.5590048e+02   9.6401747e+01
   1.4468936e+02   5.1170816e+01   6.9472678e+01
   2.1283560e+02   1.1581770e+02   2.3730546e+02
   8.2796736e+01   1.2689534e+02   6.2593872e+01
   3.4567011e+01   1.0827551e+02   6.0589923e+01
   4.5524735e+01   6.8637941e+01   1.2089642e+02
   1.4681041e+02   1.0944999e+02   3.0632570e+02
   2.4603628e+02   8.7346581e+01   6.6216791e+01
   1.3121956e+02   6.2820662e+01   1.0650802e+02
   3.6645791e+01   6.5654077e+01   1.2248174e+02
   1.0094101e+02   3.0610848e+01   2.9315046e+02
   2.0872273e+02   1.0483307e+02   2.4312770e+02
   2.0567460e+02   1.1075982e+02   1.3626252e+02
   6.9358770e+01   1.5206786e+02   1.3592215e+02
   4.3405912e+01   9.9087362e+01   2.2833623e+02
   2.3462388e+02   1.4722830e+02   1.3680393e+02
   2.1860337e+02   1.0595421e+02   3.3043463e+02
   1.1234654e+02   8.8448949e+01   1.6700904e+02
   2.5299916e+01   8.2416453e+01   2.7205850e+02
   3.2840423e+02   1.1485815e+02   1.2038739e+02
   2.3398511e+02   1.1437488e+02   9.2014306e+01
   3.0560336e+02   4.2509231e+01   2.4536915e+02
   3.6478703e+01   6.1814415e+01   1.4628612e+01
   8.0076805e+01   2.9130629e+01   3.1776716e+02
   9.7363124e+01   2.4300922e+01   5.5225166e+01
   1.2324962e+02   7.0925439e+01   1.6347082e+02
   7.6186906e+01   2.2474791e+01   2.8692486e+02
   3.2834072e+01   3.9125615e+01   2.0367575e+02
   2.6609414e+02   1.5938119e+02   2.3719294e+02
   1.2108956e+02   1.2691772e+02   2.8402822e+02
   2.4767130e+02   4.2682385e+01   3.2336040e+02
   9.0942189e+01   3.1036655e+01   2.1867494e+02
   7.4528839e+01   6.4824124e+01   2.7066691e+02
   2.2177942e+02   1.4645049e+02   2.4274790e+02
   3.2106554e+02   1.1942026e+02   2.6339237e+02
   2.5790827e+02   1.0768790e+02   1.3030316e+02
   2.2316008e+02   6.5629941e+01   1.2817319e+02
   3.1147939e+02   3.7518009e+01   3.2230431e+02
   3.0176956e+02   6.4034504e+01   3.4982880e+02
   1.3907881e+02   1.0653368e+02   1.9183900e+02
   7.0442649e+00   1.1856634e+02   4.0622943e+00
   2.1031511e+02   6.2778840e+01   3.0676207e+02
   1.1924732e+02   1.3803454e+02   1.9632069e+02
   2.0251225e+01   5.8779080e+01   2.5521374e+02
   3.4027789e+01   6.9109522e+01   2.1586270e+02
   1.1569711e+02   1.5362477e+02   6.8771516e+01
   2.4215239e+02   5.2439087e+01   3.3442751e+02
   8.5709056e+01   1.1816402e+02   1.2268025e+01
   9.8531835e+01   1.3876301e+02   3.2105712e+02
   1.2563282e+02   1.2458057e+02   1.0633846e+02
   2.8875472e+02   3.3056611e+01   2.9540339e+02
   1.7097648e+02   5.3132020e+01   3.2941945e+02
   1.3915986e+02   1.2123113e+02   2.0578640e+02
   1.9830035e+01   9.8101862e+01   2.0810633e+02
   3.0257312e+02   3.9076315e+01   5.0557634e+01
   3.4049618e+01   5.5071243e+01   3.1338243e+02
   3.2797033e+01   5.5271304e+01   1.1523274e+02
   2.1595499e+02   5.6159837e+01   1.1122616e+02
   2.2034945e+02   5.7802942e+01   2.9045221e+02
   1.4508062e+02   1.2566130e+02   3.1100280e+02
   3.6813685e+01   1.1786829e+02   3.2556013e+02
   2.7347557e+02   1.3558899e+02   4.0791984e+01
   1.0060314e+02   1.1805344e+02   8.9250967e+01
   3.4741566e+02   1.2557192e+02   1.7026170e+01
   3.1584198e+01   1.0436201e+02   7.1501038e+01
   1.6883665e+01   5.3239685e+01   1.0733212e+02
   3.1674287e+02   1.1347718e+02   2.9564933e+02
   8.8114666e+01   1.5031587e+02   2.2743556e+02
   2.2234500e+02   1.2094998e+02   3.5624461e+02
   1.4793010e+02   1.0829375e+02   2.1124389e+02
   4.1107943e+01   1.1649775e+02   1.6057365e+02
   3.4866184e+02   5.6099852e+01   3.5042375e+02
   4.5479724e+01   1.1625522e+02   1.8006702e+02
   3.1136393e+02   1.1138449e+02   2.7982050e+02
   1.3370564e+02   8.7956690e+01   2.1223294e+02
   3.2988071e+02   6.4482160e+01   3.3454856e+02
   9.8520147e+01   1.1816974e+02   2.6362858e+02
   2.9176768e+02   3.0552898e+01   1.1144874e+02
   4.5289092e+01   6.9544491e+01   2.1096110e+02
   4.6483892e+01   7.6255925e+01   3.5838132e+02
   1.3895520e+02   9.9683523e+01   3.4272401e+02
   1.4869514e+02   6.8589208e+01   1.4129120e+02
   2.1703069e+02   1.0738281e+02   1.4027570e+02
   9.2193930e+01   1.2231407e+02   3.1354082e+02
   2.1693878e+02   1.1937521e+02   3.2097360e+02
   4.9333252e+01   1.2089187e+02   3.3227321e+02
   1.1274959e+02   1.1129017e+02   1.6608693e+00
   2.7574093e+01   7.0933699e+01   2.6226749e+01
   3.0766270e+02   1.1351446e+02   3.2050206e+02
   2.8553563e+02   9.4207553e+01   8.7798909e+01
   2.2454637e+02   4.9854350e+01   3.1277167e+01
   1.9876277e+02   9.5819066e+01   3.2311053e+02
   8.5115328e+01   2.3725329e+01   3.2366500e+02
   8.5402500e+01   9.5918326e+01   9.3658661e+01
   1.1008295e+02   1.4949891e+02   2.6843340e+02
   1.1160644e+02   1.4762767e+02   3.2884049e+02
   2.9105031e+01   1.1389395e+02   1.3884776e+02
   8.0510625e+01   1.2814946e+02   1.4341595e+02
   7.5646724e+01   1.3959225e+02   2.1680286e+02
   5.7937179e+01   8.3435311e+01   2.4770404e+02
   3.2056533e+02   2.6597852e+01   8.4316323e-01
   2.0939522e+02   6.8971096e+01   2.0840314e+02
   2.7941450e+02   7.6699733e+01   3.0255870e+02
   1.3189449e+02   6.0144533e+01   1.5363462e+02
   3.1659978e+02   5.1139804e+01   2.8500254e+02
   2.8818094e+02   8.2578922e+01   9.8716262e+01
   3.0026622e+01   8.5659288e+01   3.0510098e+02
   5.8678528e+01   1.6910550e+02   1.0865671e+02
   3.2635508e+02   1.0945825e+02   1.0730978e+02
   3.3825567e+02   7.2524673e+01   3.1549675e+02
   9.4220137e+00   1.1499004e+02   5.1255537e+01
   3.5106814e+01   5.9444479e+01   2.4945021e+01
   1.1606869e+02   7.1944692e+01   2.5092960e+02
   7.3690814e+01   4.1959704e+01   7.4622995e+01
   7.5686988e+01   3.7720061e+01   2.2498397e+02
   1.8986353e+02   6.4795777e+01   6.7427995e+01
   9.0931314e+01   1.5944655e+02   1.3967420e+02
   1.2208343e+01   6.2090044e+01   1.3425260e+02
   5.0555691e+01   1.2498679e+02   3.3321253e+02
   5.6723232e+01   5.9488968e+01   2.5737256e+02
   2.1739704e+02   1.5101918e+02   1.5282899e+02
   2.0851442e+02   5.6160497e+01   1.0757857e+02
   2.5581319e+02   3.3280781e+01   6.8603019e+01
   1.9452649e+02   1.6518030e+02   2.4393457e+02
   1.0272375e+02   2.4099824e+01   3.0643463e+02
   3.3667716e+02   1.0793495e+02   3.0574845e+02
   3.4423412e+02   1.0751839e+02   1.2063281e+02
   2.2712111e+02   7.0379451e+01   3.4132942e+02
   2.0833420e+02   1.0943085e+02   3.2219173e+02
   3.6078024e+01   1.1750216e+02   1.2730609e+02
   1.2516177e+02   5.1337149e+01   3.4066469e+02
   2.2055761e+02   9.7030253e+01   2.3253254e+02
   2.2765121e+02   5.5484573e+01   1.1161959e+02
   2.1603907e+02   8.0493296e+01   4.1291844e+01
   8.2992193e+01   1.4879703e+02   3.9473698e+01
   1.7262465e+01   5.4039371e+01   3.2879352e+02
   3.1138066e+02   1.0278027e+02   2.8796153e+02
   1.4454480e+02   1.1285442e+02   1.1410131e+02
   3.2258194e+02   1.0948489e+02   2.2241732e+02
   1.5899912e+02   6.6251958e+01   2.4176860e+02
   2.0664449e+02   6.4695381e+01   2.2890294e+02
   8.1238167e+01   1.4711443e+02   3.3189609e+02
   3.2534561e+02   7.6498947e+01   2.4013158e+02
   7.8770066e+01   1.5420886e+02   2.9560203e+01
   1.2897446e+02   1.4801897e+02   4.9637762e+00
   1.4239245e+02   5.7239952e+01   1.6005011e+02
   3.6439955e+01   6.5498984e+01   1.9934478e+02
   6.0736759e+01   4.7036288e+01   1.4356701e+02
   1.3946222e+02   1.1513893e+02   2.3333036e+01
   2.6493959e+02   9.0071973e+01   1.2101803e+01
   1.9007375e+02   1.3055108e+02   1.9129767e+02
   2.5546746e+02   1.4541693e+02   2.6555646e+02
   3.1596410e+02   1.3029834e+02   1.2743336e+02
   2.7983534e+02   1.4393648e+02   3.2583585e+02
   1.7842952e+02   1.2513307e+02   2.4964604e+02
   2.0170147e+02   1.2083095e+02   5.2312641e+01
   2.8586426e+02   8.3986534e+01   1.9668082e+02
   7.4425699e+01   1.4534554e+02   1.1702548e+02
   3.3906558e+02   1.4796832e+02   2.0839222e+02
   9.3023787e+01   1.5306154e+02   2.2623427e+02
   2.3630107e+02   2.8382887e+01   3.2305016e+02
   1.0227878e+02   3.3633252e+01   1.1594788e+02
   8.7605213e+01   8.9072539e+01   3.2045415e+02
   1.1931530e+02   1.4834328e+02   3.3680751e+02
   3.2679484e+02   1.0533942e+02   2.5190134e+01
   1.0061132e+02   1.4823583e+01   1.0938446e+02
   2.1677565e+02   1.2010991e+02   2.4089163e+02
   3.4013068e+01   6.4007355e+01   9.5174588e+01
   2.4492557e+02   6.4767019e+01   2.4034946e+02
   1.2940829e+02   1.1335469e+02   3.2432910e+01
   1.4264985e+02   6.8425884e+01   2.3636090e+02
   2.2324774e+02   6.2056891e+01   1.1765694e+02
   3.3517962e+02   1.1434078e+02   1.1086073e+02
   9.5767463e+01   3.5380145e+01   3.5072257e+01
   2.0622206e+02   2.7113370e+01   2.2842449e+02
   9.4955475e+01   1.3883891e+02   2.2808617e+02
   2.3082592e+02   1.0512830e+02   2.3638397e+02
   2.3500282e+02   1.9712350e+01   3.2961723e+02
   3.2786490e+02   1.0086655e+02   2.0171249e+02
   2.2965212e+02   1.4323397e+02   3.5894663e+01
   3.4360340e+02   1.1180143e+02   3.0234158e+02
   3.1859161e+02   7.5542067e+01   6.2778280e+01
   3.4996361e+02   1.5685946e+02   1.3731363e+02
   2.9546797e+02   1.4252907e+02   3.3047322e+02
   2.2944709e+02   1.0210954e+02   2.0434180e+02
   2.8829526e+02   7.8713057e+01   1.8061041e+01
   3.1656938e+02   1.6795461e+02   1.7279306e+02
   3.4444371e+02   1.1352245e+02   8.3856249e+00
   2.6511120e+02   1.4541219e+02   3.2866391e+02
   1.1180989e+02   1.0775957e+02   1.5832046e+02
   2.1759307e+02   6.7890652e+01   8.7245779e+01
   9.8724369e+01   1.0905156e+02   2.9211655e+02
   2.6295613e+01   1.3827485e+02   1.5815379e+02
   3.0646793e+02   4.9545901e+01   7.3425642e+01
   5.2285748e+01   8.6211950e+01   3.1960944e+02
   2.2400066e+02   5.1900293e+01   2.9056811e+02
   3.3300371e+01   6.3465606e+01   3.1330490e+02
   1.1718576e+02   3.6050939e+01   3.7560797e+01
   2.2850425e+02   6.8816024e+01   1.9563436e+02
   3.7312798e+01   9.1391597e+01   1.2893795e+02
   3.0990412e+02   5.0580983e+01   2.3741118e+02
   1.5300878e+02   6.6057602e+01   5.3926397e+01
   2.2025636e+02   1.1675412e+02   6.0954925e+01
   2.1722695e+02   1.0608711e+02   3.2879668e+02
   3.2276870e+02   1.0553017e+02   1.9435381e+02
   1.9876493e+02   1.1575591e+02   3.3728496e+02
   3.4399152e+01   6.6576956e+01   1.1437669e+02
   1.4145704e+02   7.1016046e+01   2.4222048e+02
   6.3955849e+01   8.6834901e+01   1.3446086e+02
   2.0012760e+02   5.3871589e+01   5.8145362e+01
   2.3928276e+02   1.1301062e+02   5.3261164e+00
   1.0162224e+02   1.3793617e+02   6.6048552e+01
   1.9575534e+02   1.6612723e+02   1.3188543e+02
   3.1609384e+02   6.0663125e+01   1.5477740e+02
   2.9178018e+01   1.1549132e+02   1.5356028e+02
   9.7872695e+00   3.1132042e+01   6.1641317e+00
   2.3658713e+02   1.7127560e+02   1.1071415e+02
   6.1422157e+01   9.3230099e+01   9.7299616e+01
   2.7284163e+02   1.5772611e+02   1.4883470e+02
   1.3749813e+02   1.0052599e+02   1.1622117e+02
   7.7831017e+01   1.4268354e+02   3.1090583e+02
   1.7511064e+02   1.3642995e+02   3.1220066e+02
   2.1141458e+02   1.1537981e+02   2.5850068e+02
   4.2829515e+01   6.9668401e+01   2.2567702e+02
   2.7055690e+02   1.5287098e+02   2.2156424e+02
   1.1304386e+02   8.5623954e+01   8.2781579e+01
   2.1133318e+01   1.1557004e+02   3.2387819e+02
   2.5643177e+02   2.0492485e+01   1.5967341e+02
   1.2895068e+02   1.0896460e+02   1.1300581e+02
   9.5616397e+01   3.3794513e+01   2.2410902e+02
   9.5561622e+01   1.5132578e+02   2.3396714e+02
   3.5023209e+02   5.1141218e+01   3.5244180e+02
   4.1590981e+01   8.7329371e+01   3.3895716e+02
   3.2234251e+02   1.2888665e+02   2.7828974e+02
   3.0402162e+02   4.0455550e+01   2.9921072e+02
   1.3897240e+02   1.1611859e+02   2.2561852e+02
   3.2939403e+02   6.0621152e+01   3.3120308e+02
   4.3767923e+01   1.5271933e+02   2.0071025e+01
   5.4769661e+01   8.5699006e+01   5.1220253e+01
   2.7083428e+02   7.4755897e+01   1.8154354e+02
   6.3624134e+01   4.0451825e+01   2.4274466e+02
   2.1468425e+02   5.9447756e+01   6.3305527e+01
   1.6536895e+02   1.0459717e+02   1.4045795e+02
   2.8094159e+02   4.6071375e+01   3.3064952e+02
   1.2597230e+02   1.0375284e+02   1.9432824e+01
   2.4707804e+01   7.1277704e+01   1.0697170e+02
   5.5640318e+01   1.1085213e+02   2.5831154e+02
   2.7644580e+02   9.0738630e+01   3.4643472e+02
   3.2291410e+02   1.0610033e+02   2.0817808e+02
   2.0157668e+02   1.3741017e+02   2.7362693e+02
   3.1371446e+02   1.0174576e+02   2.8226570e+02
   2.2092213e+02   1.1716216e+02   2.3834342e+02
   9.7105891e+01   4.2957633e+01   3.8679212e+01
   3.1311223e+02   9.4471997e+01   2.6279318e+01
   7.9624197e+01   1.4029381e+02   1.5228410e+02
   2.9143671e+02   1.1512886e+02   6.4053378e+01
   5.1922840e+01   1.0093520e+02   9.3609436e+01
   2.0691500e+02   1.4929761e+02   1.5001942e+02
   3.2523152e+02   7.0770560e+01   1.4889762e+02
   3.2673393e+02   9.3347266e+01   1.3760578e+01
   3.2099844e+02   7.5720495e+01   3.4802576e+02
   1.3815402e+02   1.0262445e+02   8.3737450e+01
   2.3421758e+02   5.8002182e+01   6.1584389e+01
   1.9697914e+02   2.9579045e+01   1.5647999e+02
   3.5000614e+01   7.3449680e+01   3.0947458e+02
   3.2149784e+02   1.2385335e+02   2.1706151e+02
   2.2873558e+02   6.9287732e+01   2.1746618e+02
   1.3784807e+02   2.8665028e+01   8.1011898e+01
   5.4990584e+01   1.1232048e+02   3.4106546e+02
   2.7523440e+02   3.6137640e+01   3.1696695e+02
   9.7740017e+01   3.4629302e+01   1.0755837e+02
   8.1657985e+01   7.2819322e+01   1.3590630e+02
   1.1331648e+02   3.3034412e+01   1.2935502e+02
   3.9195402e+01   7.3013316e+01   3.5681825e+02
   1.2581890e+02   1.2927848e+02   1.1732745e+02
   1.3442658e+02   4.5572563e+01   3.2123789e+02
   3.3787372e+01   7.4926430e+01   2.5561970e+01
