  -1.3956584e+02   1.1509774e+02   3.5221302e+02
  -1.4261937e+02   2.9035405e+01   1.1696955e+02
  -8.2080152e+01   1.1690722e+02   4.0012910e+01
  -1.2730606e+02   1.4952656e+01   9.1587748e+01
   6.6623060e+01   3.3936107e+01   2.0470340e+02
  -6.5184037e+01   1.1792178e+02   2.6385981e+02
   1.0136610e+02   5.8613379e+01   6.6263146e+01
  -1.7718971e+02   1.2972157e+02   6.2898487e+01
   1.0265214e+02   1.4934710e+02   2.2655354e+02
   7.9427324e+01   1.1392740e+02   2.9196391e+02
  -6.4704316e+01   1.0910042e+02   9.9029533e+00
   1.0051673e+02   1.0990212e+02   2.0125396e+02
  -8.9811860e+01   4.5688414e+01   6.8126500e+01
  -7.5920921e+01   3.9757105e+01   1.0648269e+02
  -1.2461616e+01   1.6966023e+02   4.3540322e+01
  -9.1051301e+01   6.8909382e+01   2.5486066e+02
  -1.8243804e+02   6.4344283e+01   1.2355692e+02
  -6.5194283e+01   1.3485214e+02   5.1732059e+01
  -1.7668878e+02   1.1408758e+02   2.4015783e+02
  -1.9871253e+02   1.1502723e+02   2.6384252e+02
  -6.3596840e+01   1.3728132e+02   1.6600287e+02
  -1.2198093e+02   1.4736053e+02   1.5317144e+02
  -1.2496399e+02   1.3524487e+02   5.2175378e+01
   1.0177533e+02   1.5663228e+02   1.9211236e+02
  -4.4575246e+01   3.6458096e+01   1.0410125e+02
  -1.7848761e+02   1.0832084e+02   6.9911041e+01
  -1.9705188e+02   5.8256707e+01   2.0705514e+02
   8.1287831e+01   1.0678275e+02   8.8686315e+00
  -1.5000607e+02   3.7964643e+01   2.2430895e+02
  -1.6519407e+02   2.1568594e+01   3.0252927e+02
  -7.9043608e+01   6.1368681e+01   2.3767418e+02
  -1.5573374e+02   9.8708765e+01   5.7060245e+01
  -3.4743181e+01   1.3373081e+02   8.2539610e+00
  -1.2034364e+02   3.7635630e+01   1.1741103e+02
  -8.2298183e+00   6.7828219e+01   3.1172957e+02
   1.0411358e+02   1.1806370e+01   2.1577332e+02
  -2.1211089e+02   6.6598202e+01   2.3344445e+02
  -1.6603505e+02   6.8378845e+01   1.7602292e+02
  -1.6889331e+02   1.0195832e+02   3.5757373e+02
   1.0204727e+02   6.4604093e+01   2.4011768e+02
  -4.9173846e+01   1.0957089e+01   1.8472004e+02
  -8.7832812e+01   3.4928034e+01   1.3785004e+02
   5.2561452e+01   1.3505211e+02   1.9659175e+02
  -1.7426468e+02   9.7562901e+01   2.6642618e+01
  -9.7199966e+01   6.5156703e+01   7.3540990e+01
   1.6317163e+01   1.0066071e+02   2.9984712e+02
  -1.9415238e+02   7.4307514e+01   1.3468847e+02
  -1.0253169e+01   1.1029500e+02   5.3395833e+01
  -8.3745594e+01   7.1140728e+01   3.4058551e+02
  -1.7960737e+01   2.8450101e+01   9.1406411e+01
   6.9845449e+01   1.0226862e+02   6.1278618e+01
  -6.3740945e+00   5.3294909e+01   1.6971018e+02
   3.8075368e+01   1.7405503e+02   8.3404628e+01
   4.2756777e+01   8.7572080e+01   1.0972466e+02
  -2.0670819e+00   6.4990000e+01   1.7920060e+02
  -1.3569610e+02   1.2375150e+02   3.0364481e+02
  -1.9305903e+02   1.1748105e+02   2.4161975e+02
  -1.7286256e+02   1.1499401e+02   2.9657022e+02
  -5.0179534e+01   5.2617903e+01   2.0550751e+01
  -8.6480695e+01   3.7927953e+01   5.1713173e+01
  -2.0784897e+02   5.1447705e+01   9.2473335e+01
  -2.1304673e+02   7.1509341e+01   3.2023540e+02
   2.2257167e+00   1.2970012e+01   8.9434291e+01
  -1.6343339e+01   1.2027433e+02   3.2130555e+02
  -1.6975960e+02   1.5737765e+02   1.8713909e+02
  -1.1360188e+02   6.9727209e+01   1.3420903e+02
  -1.5742852e+02   1.2654391e+02   1.1109395e+02
   2.2676190e+01   4.6292310e+01   3.4000024e+02
   5.0707336e+01   1.3530526e+02   1.5324071e+02
  -1.8162094e+02   7.1586084e+01   1.9493198e+02
  -5.1203509e+00   1.2669378e+02   4.5796308e+01
   3.4189833e+01   1.4330022e+02   2.7974513e+02
  -1.1136089e+01   7.5721782e+01   7.4932615e+01
   3.5207586e+01   6.8947749e+01   2.8474479e+02
   5.0471849e+01   1.5533633e+02   4.6311008e+01
  -1.4365423e+02   2.6501194e+01   4.9094445e+01
   1.0216441e+02   1.1111974e+02   3.0699904e+02
  -1.7925181e+02   1.2944761e+02   1.8289733e+00
   4.8605798e+01   3.4266043e+01   2.9637666e+02
   9.4320024e+01   1.1002669e+02   1.0216666e+02
  -1.9308924e+02   1.4010150e+02   1.0206273e+02
  -2.0292255e+02   1.0488636e+02   1.4101434e+02
  -1.5902460e+02   3.4100587e+01   3.4334623e+02
   2.0776482e+01   1.8290971e+01   3.9590504e+01
  -1.9161792e+02   1.1225473e+02   2.4942194e+02
   1.6712032e+00   1.2599261e+02   2.3569952e+02
  -1.8653573e+02   6.9099881e+01   3.5715886e+01
  -1.9206742e+02   6.3034389e+01   1.9593351e+02
   1.0227997e+02   1.2590685e+02   1.5071818e+02
  -1.7095934e+02   1.0969844e+02   3.1705750e+02
  -1.6949495e+02   3.3617685e+01   5.7762826e+01
   1.1312210e+02   7.0235474e+01   1.9991740e+01
  -1.5026466e+01   1.1949048e+02   3.2536221e+02
  -1.8873939e+02   5.5360289e+01   2.8626228e+01
   1.1394433e+02   1.2343219e+02   2.7555334e+02
  -1.2783337e+01   1.0689471e+02   2.3957240e+02
  -8.3722526e+01   1.1341821e+02   1.2500410e+02
  -3.7984670e+00   1.2183529e+02   7.1063810e+01
  -3.5499334e+00   9.9561340e+01   1.4618837e+02
  -1.6060375e+01   1.1153435e+02   6.3961038e+01
   6.0783618e+01   3.2822792e+01   2.1114557e+02
  -6.7868141e+01   1.3424635e+02   3.0990444e+02
  -1.3647491e+02   6.4221414e+01   2.8512899e+02
  -1.9927599e+02   1.4345265e+02   1.0698342e+02
   5.9967385e+01   4.7491595e+01   1.2756313e+02
  -9.2687462e+01   6.3032237e+01   3.3676414e+02
   2.3670259e+01   1.2833219e+02   1.1791438e+02
  -1.4124761e+02   3.3132195e+01   2.3501015e+02
   8.2348002e+01   8.3051010e+01   3.1089982e+02
  -1.0894025e+01   8.6995581e+01   2.6360921e+02
  -1.7710378e+01   1.2417700e+02   2.1917990e+01
   9.4434987e+01   1.1412839e+02   2.4504251e+01
  -9.8283790e+01   7.0490340e+01   2.4024531e+02
   8.6265541e+01   9.5492090e+01   2.6134906e+01
  -1.4001666e+01   1.1887792e+02   1.6101063e+02
  -2.0061536e+02   9.1103592e+01   3.4920362e+01
  -1.3571188e+01   6.9327970e+01   3.1414258e+02
  -1.5261909e+02   9.3697424e+01   1.8584870e+02
   1.0198208e+02   5.6787637e+01   2.6346977e+02
  -1.5565996e+02   1.0594771e+02   1.0231650e+02
   9.8578434e+01   7.9399035e+01   3.4288019e+02
  -1.7778976e+02   6.4483094e+01   3.5455235e+02
   5.4016901e+01   1.3326237e+02   2.0860044e+02
  -1.9274347e+02   7.0878607e+01   1.9576127e+02
   3.1916384e+01   9.0162133e+01   3.3744404e+02
   4.3976881e+01   3.2574670e+01   3.7535727e+01
  -6.5563610e+00   1.2142041e+02   3.2518222e+02
  -1.8222261e+02   1.2271635e+02   6.4230070e+01
  -5.6141415e+01   1.2735820e+02   8.5905420e+01
  -1.7914565e+02   6.8171403e+01   2.9431633e+02
  -9.6399477e+01   1.2932875e+02   3.0416161e+02
   4.5731405e+01   3.5070621e+01   3.1435065e+02
  -1.3045443e+02   3.6963739e+01   2.1943798e+02
  -1.7636756e+02   6.9244976e+01   1.6265345e+02
  -1.8463695e+02   3.7425643e+01   2.2468755e+01
  -5.1252772e+01   7.8198778e+01   2.7278290e+01
  -1.2490328e+02   1.3381357e+02   3.2602204e+02
   1.0832444e+02   1.1870175e+02   2.8347324e+02
  -1.4358522e+02   8.0511524e+01   3.8637348e+01
   2.3024687e+01   3.7796010e+01   3.3156342e+02
  -1.5058516e+02   3.6673640e+01   7.8180744e+01
  -1.9279105e+02   9.2641283e+01   3.5623782e+02
  -4.2454193e+01   4.2554247e+01   1.7975184e+02
   2.6379596e+01   1.3545681e+02   1.2593893e+02
  -1.1665230e+02   6.9416931e+01   2.6672627e+02
   9.0329203e+01   6.8379751e+01   2.4792990e+02
   5.3985349e+01   7.7592404e+01   1.2697701e+02
  -2.2234510e+02   4.0494875e+01   2.6317645e+01
  -1.3459103e+02   5.2305047e+01   2.9649717e+02
   9.3090670e+01   6.9885535e+01   3.2536251e+02
  -1.5703797e+02   4.0268520e+01   1.6051627e+02
   1.4476463e+01   7.8576500e+01   8.7098836e+01
   2.2833363e+01   3.1216078e+01   2.3759889e+02
  -1.5441903e+02   1.2904033e+02   2.0335813e+01
   1.0917042e+02   1.1742495e+02   2.4075885e+01
   2.2895424e+00   1.0333137e+02   3.3629156e+02
   1.3270259e+02   3.0290570e+01   2.1061718e+01
   4.7225586e+01   7.1363868e+01   2.5528515e+02
  -1.9298047e+02   1.2012289e+02   7.7386707e+01
  -1.0675169e+02   6.7160709e+01   1.5385477e+02
  -3.0162370e+01   5.2530508e+01   2.5133581e+02
  -5.2794990e+01   1.0392507e+02   3.0252333e+02
  -1.5082327e+01   1.0777211e+02   2.3163373e+02
  -1.4696286e+02   1.2001906e+02   1.3573338e+02
   6.0660675e+01   1.1005983e+02   1.9181815e+02
   4.7571484e+00   1.6972284e+01   2.6889025e+02
   1.0113741e+02   1.1051924e+02   1.1826621e+02
  -1.6275450e+02   1.2034304e+02   1.6728821e+02
  -1.1462205e+02   2.7292365e+01   2.0009263e+01
   5.0245373e+01   1.2062965e+02   1.4387881e+02
   4.1331172e+01   1.0238863e+02   2.7566353e+02
  -1.7922083e+02   1.6127064e+02   1.6822132e+02
   8.7796670e+01   6.1597305e+01   3.5902763e+02
   9.3707166e+01   6.5289985e+01   3.4231339e+02
   2.1249107e+01   5.6570800e+01   3.1759389e+02
   9.5132875e+01   1.1044203e+02   2.1375658e+02
   4.4021900e+01   9.6381512e+01   9.9026845e+01
  -1.8335475e+02   1.1402926e+02   3.4199963e+02
  -1.7666401e+02   6.0157966e+01   1.1602084e+02
  -9.6089517e+01   1.4001285e+02   2.5688626e+02
  -1.5637834e+02   6.1974764e+00   4.7963335e+01
  -1.8395173e+02   6.8009628e+01   2.0952052e+02
  -1.8220487e+01   6.9023508e+01   1.2358931e+02
   9.2991690e+01   6.1171773e+01   1.6508576e+02
  -1.3966427e+02   3.9831931e+01   4.4559584e+01
  -1.3055414e+02   9.6648050e+01   1.8780183e+02
  -8.3976937e+01   1.3398992e+02   1.1906776e+02
   8.1969807e+01   1.2652075e+02   3.0527255e+02
  -1.0942492e+02   1.1217013e+02   2.5011793e+02
   1.3367384e+01   1.3087297e+02   3.3235188e+02
  -1.2774846e+02   8.6113520e+01   3.0926405e+02
  -8.1262772e+01   7.9152076e+01   2.5489981e+02
  -2.2330900e+02   9.7869928e+01   3.2887635e+02
  -1.1237253e+02   3.8484929e+01   3.1335202e+02
  -1.2086712e+01   7.4717573e+01   3.3995269e+01
  -9.0373867e+01   6.0730089e+01   6.1604547e+01
   1.2993021e+01   1.3404326e+02   2.7733974e+02
  -4.2507730e+01   8.9080243e+01   2.6902152e+02
   9.1127647e+01   6.3215216e+01   2.5350940e+02
  -8.4323570e+01   1.1015974e+02   2.9031708e+02
  -1.9760067e+02   6.2946905e+01   2.1548443e+02
   1.2218163e+02   5.2154008e+01   2.4452498e+02
  -1.7715162e+02   6.7412173e+01   1.0788997e+02
  -1.0099223e+01   8.5176113e+01   1.9455891e+02
  -8.8685660e+01   1.3746994e+02   3.3357411e+02
   6.6331864e+01   1.3023796e+02   1.5885054e+02
   4.2397604e+01   1.3979026e+02   4.8178497e+01
  -8.1673438e+01   9.6251794e+01   2.5396253e+02
  -1.9168674e+02   6.6116891e+01   1.1742111e+02
  -1.4773625e+02   3.1852721e+01   3.1582276e+02
  -6.6017736e+01   1.0549682e+02   3.1608543e+02
   5.8771735e+01   9.0963903e+01   2.7765092e+02
  -1.3389161e+02   1.3840391e+02   2.2728470e+02
  -6.5086994e+01   1.0795759e+02   2.0995169e+02
   9.3214769e+01   1.0606341e+02   2.0303693e+02
  -3.1201323e+01   6.6563752e+01   2.0757185e+02
   2.7084730e+01   2.3366499e+01   6.7776069e+01
  -7.7363874e+01   6.1090512e+01   1.5784684e+02
   9.6093164e+01   1.1056697e+02   2.0030340e+02
   4.7823607e+01   1.5578224e+02   1.5380285e+02
  -6.1777079e+01   8.6858063e+01   3.4663598e+02
  -2.1987723e+02   1.2325359e+02   1.1054083e+01
  -1.1043117e+02   9.2722639e+01   1.9027071e+02
  -1.2671503e+02   1.5590048e+02   9.6401747e+01
  -8.0310642e+01   5.1170816e+01   6.9472678e+01
  -1.2164405e+01   1.1581770e+02   2.3730546e+02
  -1.4220326e+02   1.2689534e+02   6.2593872e+01
  -1.9043299e+02   1.0827551e+02   6.0589923e+01
  -1.7947527e+02   6.8637941e+01   1.2089642e+02
  -7.8189588e+01   1.0944999e+02   3.0632570e+02
   2.1036279e+01   8.7346581e+01   6.6216791e+01
  -9.3780444e+01   6.2820662e+01   1.0650802e+02
  -1.8835421e+02   6.5654077e+01   1.2248174e+02
  -1.2405899e+02   3.0610848e+01   2.9315046e+02
  -1.6277266e+01   1.0483307e+02   2.4312770e+02
  -1.9325402e+01   1.1075982e+02   1.3626252e+02
  -1.5564123e+02   1.5206786e+02   1.3592215e+02
  -1.8159409e+02   9.9087362e+01   2.2833623e+02
   9.6238766e+00   1.4722830e+02   1.3680393e+02
  -6.3966279e+00   1.0595421e+02   3.3043463e+02
  -1.1265346e+02   8.8448949e+01   1.6700904e+02
  -1.9970008e+02   8.2416453e+01   2.7205850e+02
   1.0340423e+02   1.1485815e+02   1.2038739e+02
   8.9851122e+00   1.1437488e+02   9.2014306e+01
   8.0603358e+01   4.2509231e+01   2.4536915e+02
  -1.8852130e+02   6.1814415e+01   1.4628612e+01
  -1.4492319e+02   2.9130629e+01   3.1776716e+02
  -1.2763688e+02   2.4300922e+01   5.5225166e+01
  -1.0175038e+02   7.0925439e+01   1.6347082e+02
  -1.4881309e+02   2.2474791e+01   2.8692486e+02
  -1.9216593e+02   3.9125615e+01   2.0367575e+02
   4.1094142e+01   1.5938119e+02   2.3719294e+02
  -1.0391044e+02   1.2691772e+02   2.8402822e+02
   2.2671302e+01   4.2682385e+01   3.2336040e+02
  -1.3405781e+02   3.1036655e+01   2.1867494e+02
  -1.5047116e+02   6.4824124e+01   2.7066691e+02
  -3.2205751e+00   1.4645049e+02   2.4274790e+02
   9.6065545e+01   1.1942026e+02   2.6339237e+02
   3.2908275e+01   1.0768790e+02   1.3030316e+02
  -1.8399164e+00   6.5629941e+01   1.2817319e+02
   8.6479387e+01   3.7518009e+01   3.2230431e+02
   7.6769556e+01   6.4034504e+01   3.4982880e+02
  -8.5921189e+01   1.0653368e+02   1.9183900e+02
  -2.1795574e+02   1.1856634e+02   4.0622943e+00
  -1.4684889e+01   6.2778840e+01   3.0676207e+02
  -1.0575268e+02   1.3803454e+02   1.9632069e+02
  -2.0474878e+02   5.8779080e+01   2.5521374e+02
  -1.9097221e+02   6.9109522e+01   2.1586270e+02
  -1.0930289e+02   1.5362477e+02   6.8771516e+01
   1.7152386e+01   5.2439087e+01   3.3442751e+02
  -1.3929094e+02   1.1816402e+02   1.2268025e+01
  -1.2646816e+02   1.3876301e+02   3.2105712e+02
  -9.9367179e+01   1.2458057e+02   1.0633846e+02
   6.3754723e+01   3.3056611e+01   2.9540339e+02
  -5.4023516e+01   5.3132020e+01   3.2941945e+02
  -8.5840141e+01   1.2123113e+02   2.0578640e+02
  -2.0516997e+02   9.8101862e+01   2.0810633e+02
   7.7573121e+01   3.9076315e+01   5.0557634e+01
  -1.9095038e+02   5.5071243e+01   3.1338243e+02
  -1.9220297e+02   5.5271304e+01   1.1523274e+02
  -9.0450150e+00   5.6159837e+01   1.1122616e+02
  -4.6505505e+00   5.7802942e+01   2.9045221e+02
  -7.9919376e+01   1.2566130e+02   3.1100280e+02
  -1.8818632e+02   1.1786829e+02   3.2556013e+02
   4.8475572e+01   1.3558899e+02   4.0791984e+01
  -1.2439686e+02   1.1805344e+02   8.9250967e+01
   1.2241566e+02   1.2557192e+02   1.7026170e+01
  -1.9341580e+02   1.0436201e+02   7.1501038e+01
  -2.0811634e+02   5.3239685e+01   1.0733212e+02
   9.1742871e+01   1.1347718e+02   2.9564933e+02
  -1.3688533e+02   1.5031587e+02   2.2743556e+02
  -2.6549980e+00   1.2094998e+02   3.5624461e+02
  -7.7069900e+01   1.0829375e+02   2.1124389e+02
  -1.8389206e+02   1.1649775e+02   1.6057365e+02
   1.2366184e+02   5.6099852e+01   3.5042375e+02
  -1.7952028e+02   1.1625522e+02   1.8006702e+02
   8.6363928e+01   1.1138449e+02   2.7982050e+02
  -9.1294361e+01   8.7956690e+01   2.1223294e+02
   1.0488071e+02   6.4482160e+01   3.3454856e+02
  -1.2647985e+02   1.1816974e+02   2.6362858e+02
   6.6767677e+01   3.0552898e+01   1.1144874e+02
  -1.7971091e+02   6.9544491e+01   2.1096110e+02
  -1.7851611e+02   7.6255925e+01   3.5838132e+02
  -8.6044800e+01   9.9683523e+01   3.4272401e+02
  -7.6304861e+01   6.8589208e+01   1.4129120e+02
  -7.9693122e+00   1.0738281e+02   1.4027570e+02
  -1.3280607e+02   1.2231407e+02   3.1354082e+02
  -8.0612165e+00   1.1937521e+02   3.2097360e+02
  -1.7566675e+02   1.2089187e+02   3.3227321e+02
  -1.1225041e+02   1.1129017e+02   1.6608693e+00
  -1.9742591e+02   7.0933699e+01   2.6226749e+01
   8.2662702e+01   1.1351446e+02   3.2050206e+02
   6.0535632e+01   9.4207553e+01   8.7798909e+01
  -4.5362541e-01   4.9854350e+01   3.1277167e+01
  -2.6237229e+01   9.5819066e+01   3.2311053e+02
  -1.3988467e+02   2.3725329e+01   3.2366500e+02
  -1.3959750e+02   9.5918326e+01   9.3658661e+01
  -1.1491705e+02   1.4949891e+02   2.6843340e+02
  -1.1339356e+02   1.4762767e+02   3.2884049e+02
  -1.9589497e+02   1.1389395e+02   1.3884776e+02
  -1.4448938e+02   1.2814946e+02   1.4341595e+02
  -1.4935328e+02   1.3959225e+02   2.1680286e+02
  -1.6706282e+02   8.3435311e+01   2.4770404e+02
   9.5565333e+01   2.6597852e+01   8.4316323e-01
  -1.5604776e+01   6.8971096e+01   2.0840314e+02
   5.4414498e+01   7.6699733e+01   3.0255870e+02
  -9.3105511e+01   6.0144533e+01   1.5363462e+02
   9.1599779e+01   5.1139804e+01   2.8500254e+02
   6.3180937e+01   8.2578922e+01   9.8716262e+01
  -1.9497338e+02   8.5659288e+01   3.0510098e+02
  -1.6632147e+02   1.6910550e+02   1.0865671e+02
   1.0135508e+02   1.0945825e+02   1.0730978e+02
   1.1325567e+02   7.2524673e+01   3.1549675e+02
  -2.1557799e+02   1.1499004e+02   5.1255537e+01
  -1.8989319e+02   5.9444479e+01   2.4945021e+01
  -1.0893131e+02   7.1944692e+01   2.5092960e+02
  -1.5130919e+02   4.1959704e+01   7.4622995e+01
  -1.4931301e+02   3.7720061e+01   2.2498397e+02
  -3.5136473e+01   6.4795777e+01   6.7427995e+01
  -1.3406869e+02   1.5944655e+02   1.3967420e+02
  -2.1279166e+02   6.2090044e+01   1.3425260e+02
  -1.7444431e+02   1.2498679e+02   3.3321253e+02
  -1.6827677e+02   5.9488968e+01   2.5737256e+02
  -7.6029589e+00   1.5101918e+02   1.5282899e+02
  -1.6485576e+01   5.6160497e+01   1.0757857e+02
   3.0813186e+01   3.3280781e+01   6.8603019e+01
  -3.0473508e+01   1.6518030e+02   2.4393457e+02
  -1.2227625e+02   2.4099824e+01   3.0643463e+02
   1.1167716e+02   1.0793495e+02   3.0574845e+02
   1.1923412e+02   1.0751839e+02   1.2063281e+02
   2.1211107e+00   7.0379451e+01   3.4132942e+02
  -1.6665797e+01   1.0943085e+02   3.2219173e+02
  -1.8892198e+02   1.1750216e+02   1.2730609e+02
  -9.9838231e+01   5.1337149e+01   3.4066469e+02
  -4.4423930e+00   9.7030253e+01   2.3253254e+02
   2.6512069e+00   5.5484573e+01   1.1161959e+02
  -8.9609299e+00   8.0493296e+01   4.1291844e+01
  -1.4200781e+02   1.4879703e+02   3.9473698e+01
  -2.0773754e+02   5.4039371e+01   3.2879352e+02
   8.6380664e+01   1.0278027e+02   2.8796153e+02
  -8.0455198e+01   1.1285442e+02   1.1410131e+02
   9.7581942e+01   1.0948489e+02   2.2241732e+02
  -6.6000882e+01   6.6251958e+01   2.4176860e+02
  -1.8355508e+01   6.4695381e+01   2.2890294e+02
  -1.4376183e+02   1.4711443e+02   3.3189609e+02
   1.0034561e+02   7.6498947e+01   2.4013158e+02
  -1.4622993e+02   1.5420886e+02   2.9560203e+01
  -9.6025541e+01   1.4801897e+02   4.9637762e+00
  -8.2607546e+01   5.7239952e+01   1.6005011e+02
  -1.8856005e+02   6.5498984e+01   1.9934478e+02
  -1.6426324e+02   4.7036288e+01   1.4356701e+02
  -8.5537782e+01   1.1513893e+02   2.3333036e+01
   3.9939592e+01   9.0071973e+01   1.2101803e+01
  -3.4926254e+01   1.3055108e+02   1.9129767e+02
   3.0467457e+01   1.4541693e+02   2.6555646e+02
   9.0964105e+01   1.3029834e+02   1.2743336e+02
   5.4835340e+01   1.4393648e+02   3.2583585e+02
  -4.6570478e+01   1.2513307e+02   2.4964604e+02
  -2.3298529e+01   1.2083095e+02   5.2312641e+01
   6.0864260e+01   8.3986534e+01   1.9668082e+02
  -1.5057430e+02   1.4534554e+02   1.1702548e+02
   1.1406558e+02   1.4796832e+02   2.0839222e+02
  -1.3197621e+02   1.5306154e+02   2.2623427e+02
   1.1301069e+01   2.8382887e+01   3.2305016e+02
  -1.2272122e+02   3.3633252e+01   1.1594788e+02
  -1.3739479e+02   8.9072539e+01   3.2045415e+02
  -1.0568470e+02   1.4834328e+02   3.3680751e+02
   1.0179484e+02   1.0533942e+02   2.5190134e+01
  -1.2438868e+02   1.4823583e+01   1.0938446e+02
  -8.2243519e+00   1.2010991e+02   2.4089163e+02
  -1.9098693e+02   6.4007355e+01   9.5174588e+01
   1.9925570e+01   6.4767019e+01   2.4034946e+02
  -9.5591713e+01   1.1335469e+02   3.2432910e+01
  -8.2350147e+01   6.8425884e+01   2.3636090e+02
  -1.7522587e+00   6.2056891e+01   1.1765694e+02
   1.1017962e+02   1.1434078e+02   1.1086073e+02
  -1.2923254e+02   3.5380145e+01   3.5072257e+01
  -1.8777937e+01   2.7113370e+01   2.2842449e+02
  -1.3004453e+02   1.3883891e+02   2.2808617e+02
   5.8259163e+00   1.0512830e+02   2.3638397e+02
   1.0002817e+01   1.9712350e+01   3.2961723e+02
   1.0286490e+02   1.0086655e+02   2.0171249e+02
   4.6521224e+00   1.4323397e+02   3.5894663e+01
   1.1860340e+02   1.1180143e+02   3.0234158e+02
   9.3591614e+01   7.5542067e+01   6.2778280e+01
   1.2496361e+02   1.5685946e+02   1.3731363e+02
   7.0467965e+01   1.4252907e+02   3.3047322e+02
   4.4470910e+00   1.0210954e+02   2.0434180e+02
   6.3295255e+01   7.8713057e+01   1.8061041e+01
   9.1569376e+01   1.6795461e+02   1.7279306e+02
   1.1944371e+02   1.1352245e+02   8.3856249e+00
   4.0111197e+01   1.4541219e+02   3.2866391e+02
  -1.1319011e+02   1.0775957e+02   1.5832046e+02
  -7.4069280e+00   6.7890652e+01   8.7245779e+01
  -1.2627563e+02   1.0905156e+02   2.9211655e+02
  -1.9870439e+02   1.3827485e+02   1.5815379e+02
   8.1467931e+01   4.9545901e+01   7.3425642e+01
  -1.7271425e+02   8.6211950e+01   3.1960944e+02
  -9.9933746e-01   5.1900293e+01   2.9056811e+02
  -1.9169963e+02   6.3465606e+01   3.1330490e+02
  -1.0781424e+02   3.6050939e+01   3.7560797e+01
   3.5042493e+00   6.8816024e+01   1.9563436e+02
  -1.8768720e+02   9.1391597e+01   1.2893795e+02
   8.4904124e+01   5.0580983e+01   2.3741118e+02
  -7.1991217e+01   6.6057602e+01   5.3926397e+01
  -4.7436425e+00   1.1675412e+02   6.0954925e+01
  -7.7730519e+00   1.0608711e+02   3.2879668e+02
   9.7768698e+01   1.0553017e+02   1.9435381e+02
  -2.6235072e+01   1.1575591e+02   3.3728496e+02
  -1.9060085e+02   6.6576956e+01   1.1437669e+02
  -8.3542962e+01   7.1016046e+01   2.4222048e+02
  -1.6104415e+02   8.6834901e+01   1.3446086e+02
  -2.4872402e+01   5.3871589e+01   5.8145362e+01
   1.4282758e+01   1.1301062e+02   5.3261164e+00
  -1.2337776e+02   1.3793617e+02   6.6048552e+01
  -2.9244662e+01   1.6612723e+02   1.3188543e+02
   9.1093837e+01   6.0663125e+01   1.5477740e+02
  -1.9582198e+02   1.1549132e+02   1.5356028e+02
  -2.1521273e+02   3.1132042e+01   6.1641317e+00
   1.1587131e+01   1.7127560e+02   1.1071415e+02
  -1.6357784e+02   9.3230099e+01   9.7299616e+01
   4.7841627e+01   1.5772611e+02   1.4883470e+02
  -8.7501870e+01   1.0052599e+02   1.1622117e+02
  -1.4716898e+02   1.4268354e+02   3.1090583e+02
  -4.9889357e+01   1.3642995e+02   3.1220066e+02
  -1.3585424e+01   1.1537981e+02   2.5850068e+02
  -1.8217049e+02   6.9668401e+01   2.2567702e+02
   4.5556896e+01   1.5287098e+02   2.2156424e+02
  -1.1195614e+02   8.5623954e+01   8.2781579e+01
  -2.0386668e+02   1.1557004e+02   3.2387819e+02
   3.1431774e+01   2.0492485e+01   1.5967341e+02
  -9.6049321e+01   1.0896460e+02   1.1300581e+02
  -1.2938360e+02   3.3794513e+01   2.2410902e+02
  -1.2943838e+02   1.5132578e+02   2.3396714e+02
   1.2523209e+02   5.1141218e+01   3.5244180e+02
  -1.8340902e+02   8.7329371e+01   3.3895716e+02
   9.7342508e+01   1.2888665e+02   2.7828974e+02
   7.9021623e+01   4.0455550e+01   2.9921072e+02
  -8.6027605e+01   1.1611859e+02   2.2561852e+02
   1.0439403e+02   6.0621152e+01   3.3120308e+02
  -1.8123208e+02   1.5271933e+02   2.0071025e+01
  -1.7023034e+02   8.5699006e+01   5.1220253e+01
   4.5834275e+01   7.4755897e+01   1.8154354e+02
  -1.6137587e+02   4.0451825e+01   2.4274466e+02
  -1.0315755e+01   5.9447756e+01   6.3305527e+01
  -5.9631054e+01   1.0459717e+02   1.4045795e+02
   5.5941586e+01   4.6071375e+01   3.3064952e+02
  -9.9027695e+01   1.0375284e+02   1.9432824e+01
  -2.0029220e+02   7.1277704e+01   1.0697170e+02
  -1.6935968e+02   1.1085213e+02   2.5831154e+02
   5.1445798e+01   9.0738630e+01   3.4643472e+02
   9.7914096e+01   1.0610033e+02   2.0817808e+02
  -2.3423323e+01   1.3741017e+02   2.7362693e+02
   8.8714465e+01   1.0174576e+02   2.8226570e+02
  -4.0778672e+00   1.1716216e+02   2.3834342e+02
  -1.2789411e+02   4.2957633e+01   3.8679212e+01
   8.8112231e+01   9.4471997e+01   2.6279318e+01
  -1.4537580e+02   1.4029381e+02   1.5228410e+02
   6.6436707e+01   1.1512886e+02   6.4053378e+01
  -1.7307716e+02   1.0093520e+02   9.3609436e+01
  -1.8084998e+01   1.4929761e+02   1.5001942e+02
   1.0023152e+02   7.0770560e+01   1.4889762e+02
   1.0173393e+02   9.3347266e+01   1.3760578e+01
   9.5998437e+01   7.5720495e+01   3.4802576e+02
  -8.6845979e+01   1.0262445e+02   8.3737450e+01
   9.2175788e+00   5.8002182e+01   6.1584389e+01
  -2.8020864e+01   2.9579045e+01   1.5647999e+02
  -1.8999939e+02   7.3449680e+01   3.0947458e+02
   9.6497836e+01   1.2385335e+02   2.1706151e+02
   3.7355785e+00   6.9287732e+01   2.1746618e+02
  -8.7151933e+01   2.8665028e+01   8.1011898e+01
  -1.7000942e+02   1.1232048e+02   3.4106546e+02
   5.0234403e+01   3.6137640e+01   3.1696695e+02
  -1.2725998e+02   3.4629302e+01   1.0755837e+02
  -1.4334202e+02   7.2819322e+01   1.3590630e+02
  -1.1168352e+02   3.3034412e+01   1.2935502e+02
  -1.8580460e+02   7.3013316e+01   3.5681825e+02
  -9.9181099e+01   1.2927848e+02   1.1732745e+02
  -9.0573421e+01   4.5572563e+01   3.2123789e+02
  -1.9121263e+02   7.4926430e+01   2.5561970e+01
