   2.7418349e+02
   1.1930314e+02
   4.0337723e+01
  -3.3970804e+01
  -1.9983985e+01
   1.1600906e+02
   2.6145489e+02
   1.2200905e+02
   1.5553393e+02
   2.0252412e+02
   1.1879281e+02
   2.3725263e+02
   1.5446088e+02
   2.1163953e+01
   1.5130897e+02
   2.0871433e+02
  -5.2997342e+01
   2.3368119e+02
  -9.1669662e+00
   1.5767899e+02
  -5.4327178e+01
   3.5099352e+01
   1.9089646e+02
   2.2460570e+02
   3.7029810e+01
   2.0949084e+02
  -5.6463950e+01
   9.6246189e+00
   1.2044669e+02
   7.8525422e+01
   9.7952595e+01
   2.0440403e+01
   2.9539209e+02
   2.6122650e+02
   2.1965512e+02
   1.8968804e+02
   2.7490284e+02
   1.5685127e+02
  -3.8943695e+01
   2.0243129e+02
   2.6197137e+02
  -4.9859212e+01
  -5.9170979e+01
   7.0262105e+01
   1.1330765e+02
   1.3328087e+01
   1.3090119e+02
   2.7379315e+02
   1.5581578e+01
   2.9352664e+02
   8.9890984e+01
   3.6718841e+01
   2.0306614e+02
  -2.0026517e+01
   1.3227961e+02
   2.1613945e+01
   7.5040830e+01
   7.7666160e+01
   9.0454988e+00
   1.8177408e+01
   3.4460479e+01
   2.1320695e+02
   4.1686300e+01
   8.5403597e+01
   2.4425306e+02
   2.4996504e+02
  -3.4173782e+01
   7.0506982e+01
   1.0107211e+02
   1.6633136e+02
  -2.0548729e+01
   2.6888898e+02
  -4.5416936e+01
   3.1703583e+01
   2.8462190e+02
   2.2054579e+01
   6.6445580e+01
   2.0850988e+02
   2.6075374e+02
  -5.6886616e+01
   1.1422643e+02
   2.1407704e+02
   2.3285470e+02
   1.1430024e+02
   2.9279196e+02
   2.1855524e+02
   2.9110550e+02
   1.5388822e+01
   5.4535157e+01
   2.6374286e+02
   1.0833221e+02
  -5.7484682e+01
   5.6103206e+01
   2.5989744e+00
   2.1638599e+02
   3.2054907e+00
   3.4416699e+01
   1.2264233e+02
   4.5768850e+01
   2.5437014e+02
   2.3645435e+02
   2.9957593e+02
   7.4835511e+01
   1.9700754e+02
   1.8342259e+02
   2.2644203e+02
   1.2291402e+02
   2.1245775e+01
   2.0945949e+02
   2.0434514e+02
   8.3969453e+01
  -5.6662788e+01
   2.7539586e+02
   9.3966934e+01
  -7.2527490e-01
  -4.4801054e+01
   1.3003347e+02
  -3.2809054e+00
   8.5151950e+01
   7.0086618e+01
  -3.8812599e+01
   2.1664582e+02
   2.4360973e+02
   2.6039415e+02
   9.1312597e+00
  -3.8798071e+01
   1.2897315e+01
   1.2926910e+02
  -2.8546920e+01
   1.0432293e+02
   1.4630625e+02
   2.2367469e+01
   9.7316484e+01
  -2.8027530e+01
   4.6895500e+01
   1.2631137e+02
   1.2506741e+02
   2.3496795e+02
   4.1421299e+01
   2.0394834e+02
   2.1926035e+02
   1.4393393e+02
   2.0421386e+02
   2.1850310e+02
   1.6716052e+01
  -7.7181407e+00
   1.6169827e+02
   2.2735444e+02
   2.3528318e+02
   7.2705120e+01
   1.1245671e+02
   1.5085741e+02
   2.2556550e+02
   2.3157728e+02
  -3.8155193e+01
  -2.7329702e+01
   2.3001083e+02
   2.1274435e+02
   1.3691313e+02
   2.8116407e+02
   2.6224473e+02
   7.2691542e+00
   2.3968581e+02
   1.7803934e+02
  -3.7449682e+01
   3.4142453e+01
   1.5601064e+02
  -3.8374034e+01
   2.4071848e+01
   1.9094287e+01
   1.9501319e+02
   8.4042729e+01
   1.7655218e+02
   3.3330137e+01
   1.5574266e+02
   3.2106688e+01
  -5.1420663e+01
   1.9016954e+02
   2.7196607e+02
   1.0451036e+02
   1.7600717e+02
   1.2007013e+02
   1.3581682e+02
   1.1433921e+02
   3.0355497e+01
   1.6811161e+02
   8.4647330e+01
   6.8823119e+01
   2.9898040e+02
   1.0343554e+02
   9.4072736e+01
  -5.8131925e+01
   2.4201609e+02
   1.2650755e+02
   8.0404831e+01
   1.4769741e+01
   2.7149673e+01
   2.6028335e+02
   2.2596491e+02
   2.3212142e+02
   1.9968350e+02
   1.1035666e+02
   1.2481593e+02
   2.3601060e+02
   2.1206915e+02
   2.5136228e+02
   6.1948073e+01
  -3.7225001e+01
   3.6070517e+01
   8.0527941e+01
  -2.6674817e+01
   2.0449749e+02
   1.8167160e+02
   2.8016956e+02
   2.1878333e+02
   1.7627117e+02
   1.4044821e+02
   3.5031606e+01
   8.9889637e+01
   1.6292525e+01
   2.6978290e+01
   6.6356916e+01
  -3.9615870e+01
   1.9190655e+02
   2.9532213e+02
   1.3146771e+02
   1.1593813e+02
   1.1942724e+02
   2.3533410e+02
   1.2566272e+02
   5.8786795e+01
   1.3007315e+02
  -2.6135714e+01
   2.9059239e+02
   2.3943423e+02
   9.3603919e+01
   2.6344437e+01
   3.6324184e+01
   1.3469998e+02
   3.2501889e+01
   1.5812135e+02
   1.4776511e+02
   2.8612082e+02
  -3.7183760e+01
  -4.7733928e+01
   1.9899626e+02
   2.6472341e+02
   1.0266306e+01
   2.1755823e+02
  -5.4051723e+01
   2.6316046e+02
   2.3577808e+02
   1.7974034e+02
   1.7640337e+02
   7.0790709e+01
   2.0231993e+02
   1.3279504e+02
  -6.7058136e+00
   1.6153415e+02
   7.4609357e+01
   9.7943879e+01
   1.5569938e+02
  -3.1598690e+01
  -5.8530431e+01
   1.0968627e+02
   1.2583436e+02
   2.5606878e+02
  -1.8271169e+01
   2.9486623e+02
   2.4861161e+02
   9.8978213e+01
  -5.2006988e+01
   2.3938312e+02
   4.5352143e+01
   2.0274940e+02
   1.2712492e+02
   2.4519574e+01
   1.2393692e+02
   1.2747291e+02
   1.1694485e+02
  -2.7504514e+01
   2.1044538e+02
   7.6917588e+01
   1.3329167e+01
   2.8954108e+02
   1.0702988e+02
   3.5856099e+01
   2.0199962e+02
   3.4537412e+01
   1.4974478e+02
   1.1711412e+02
   9.9523391e+01
   1.0073231e+02
   2.0132884e+02
   2.9233129e+02
   2.2488994e+02
  -4.8519923e+00
   1.3699270e+02
  -6.6930971e+00
   1.6130080e+01
   2.8148549e+02
   3.2541917e+01
   2.9298332e+02
  -3.8921587e+01
  -5.1378702e+01
   2.9539109e+02
   2.0069664e+02
   3.3097898e+01
   1.5054391e+01
   3.2312507e+01
   4.2978036e+01
   4.5942734e+01
   2.0010198e+02
   7.1770203e+01
   1.9965113e+02
   1.8894683e+02
   2.4602311e+02
   1.3661847e+02
   2.7903332e+02
   1.5274583e+01
  -3.7032207e+01
   8.7447442e+01
   2.8108156e+02
   2.0229821e+01
   2.1015413e+02
   3.6319967e+01
   3.9183433e+01
  -4.2876287e+01
   3.8425421e+01
   3.2941081e+01
  -5.5693527e+01
  -5.7399717e+01
   2.9249703e+02
   1.9188490e+01
   1.8243872e+02
   1.9866739e+01
  -1.2532204e+01
   2.1608454e+02
   1.9356506e+02
   2.4498476e+02
   7.8558774e+01
   7.0378861e+01
   2.8653564e+02
  -2.8475188e+01
   3.2037915e+01
   2.6003553e+01
   8.8542395e+01
   1.9341417e+02
   1.3270885e+02
   2.0927225e+02
  -4.6522780e+01
   2.2128378e+02
   2.1193698e+02
   5.4108448e+01
   1.8794621e+02
   2.3514395e+01
   8.5620419e+01
   8.9191816e+01
  -2.8354840e+01
   2.2364296e+02
   3.8179893e+01
   6.5775281e+01
  -1.3407518e+01
  -5.9067086e+01
   4.9557793e+01
   2.8063825e+02
   2.0265943e+01
   1.0569479e+02
   2.2129807e+02
   2.1724612e+02
   2.3567062e+02
   3.8555115e+01
   2.9263758e+02
   1.1435826e+02
  -1.8678289e+01
   1.3191835e+01
   1.5333537e+02
  -5.6151141e+01
  -5.9147638e+01
   3.7852744e+01
   1.7792450e+02
   1.1561275e+02
   2.5108132e+02
   1.2269980e+01
   1.8686008e+02
  -2.1377071e+01
   2.9219200e+01
   8.6957042e+01
  -1.4349603e+01
   1.0091819e+02
   2.9226722e+02
   1.1755606e+02
  -1.4265617e+01
   1.2711885e+02
   3.2438699e+01
   4.7540600e+01
   1.2756205e+02
  -2.4249219e+00
   9.1817390e+01
  -5.9309198e+01
   2.9814819e+01
   1.1269783e+02
   1.4112913e+02
   4.8237640e+01
   2.0480845e+02
   2.9832072e+02
   6.2462874e+01
  -4.3910767e+01
   8.6946719e+01
   1.9446399e+02
   5.5985286e+01
   6.8993131e+01
  -4.0480963e+01
   2.1524467e+02
  -5.0736343e+01
   2.8971116e+02
   3.7919417e+01
   2.9665632e+01
   2.0946275e+02
   2.8253125e+01
   1.9915922e+01
   2.8105355e+01
  -5.2831119e+01
  -3.1294464e+01
   2.7163852e+01
   4.5315494e+01
   1.1671524e+02
   8.9964612e+01
   2.0954958e+01
   1.9192141e+02
   2.2473959e+01
   2.2763374e+02
   2.1388559e+02
   6.2671015e+01
   3.0477010e+01
   2.3171480e+01
   1.9516136e+02
   8.6320872e+01
   2.8019455e+02
   1.7532757e+02
   4.4161461e+01
  -2.2774512e+01
   2.2108726e+02
  -4.1800882e+01
   2.0452933e+02
  -5.8815511e+01
   1.1551750e+02
   1.9108868e+02
   2.9425687e+02
  -2.1199354e+01
   1.4283184e+01
  -5.6007913e+01
   3.2465057e+01
   2.8501582e+02
   2.7605203e+02
   1.2486078e+02
   1.3694198e+01
   2.8374901e+01
  -4.5410253e+01
   2.9752219e+01
   1.8767217e+01
   1.3526381e+02
  -5.9083184e+01
  -5.8422361e+01
   1.4732282e+02
   1.0061009e+02
  -5.6637108e+01
   2.4474425e+02
   1.5363001e+02
  -5.3789614e+01
  -4.0814330e+01
   1.8753311e+02
  -1.3689853e+01
   1.1977777e+02
   2.7894651e+02
   8.0397997e+00
  -4.5966949e+01
   1.9396318e+02
   2.1569982e+02
  -2.3190345e+01
  -3.6262717e+01
  -4.4491323e+01
   3.4010874e+01
   1.9241354e+02
   8.2115570e+01
   2.6166942e+02
  -3.0739589e+01
   2.2814393e+02
   1.9845914e+02
   1.0910943e+02
   1.6916329e+02
   1.6161238e+02
   1.1142181e+02
  -1.2934331e+01
   2.6973656e+02
  -5.4699826e+01
   3.8925855e+01
   2.4069002e+02
   1.0083805e+02
   2.7179176e+02
