   2.4118118e+02
   1.0656251e+02
  -2.8609388e+01
   2.8807715e+02
   2.2548459e+02
   2.1558858e+02
  -2.3256507e+01
   2.1496825e+02
   1.9705716e+02
   5.8079521e+01
   3.0221049e+02
   8.7591174e+00
   1.6999323e+02
   2.4861429e+02
   2.7528003e+02
   5.3421350e+01
  -3.6932228e+01
   3.7213610e+01
   2.7828981e+02
   1.2246073e+02
   1.3367120e+02
   2.5832568e+02
   1.0308110e+02
   2.7197603e+02
   2.1753180e+02
   5.7709085e+01
   3.5959748e+01
   3.0098927e+02
   2.3762776e+02
   1.9177374e+02
   1.5046643e+02
   2.9613689e+02
  -1.1088057e+01
  -4.3861849e+01
   1.9020264e+02
   2.1208227e+02
   2.1206042e+02
   2.3436176e+02
   5.1446719e+01
   3.0716942e+02
  -3.2725050e+01
   9.4988014e+01
   2.6961099e+02
  -3.7718545e+01
   1.3199299e+02
   9.4792322e+01
  -3.7090248e+01
   2.2388649e+02
   2.2179817e+02
   3.0498883e+02
   3.7720061e+01
   2.8756873e+02
   1.2637706e+02
   9.6225309e+01
   4.9949718e+01
   1.3451210e+02
   2.0656428e+01
   2.2867072e+02
   1.6934596e+01
   2.5389098e+02
  -4.2519807e+01
   3.1245753e+02
   4.6058220e+01
   1.0290402e+02
   2.3232126e+02
  -2.2608134e+01
   7.7407878e+01
   1.0434965e+02
   2.4264015e+02
  -4.4386810e+01
   2.7588069e+02
  -3.6169033e+01
   3.3147223e+01
   2.6295351e+02
  -2.5068093e+01
   2.4851043e+00
   2.0065182e+02
   5.0055997e+01
  -2.1904929e+01
   2.2746889e+02
   8.8486297e+00
   1.0273247e+02
   3.0185639e+02
   2.2530727e+02
   1.5298117e+02
   1.5364896e+02
   2.3327934e+02
   2.2167003e+02
   6.2924918e+01
   2.8176313e+02
   1.3005755e+02
   1.4133594e+02
   2.1331242e+02
   1.3148387e+02
   1.2193750e+02
   9.9289137e+01
   3.0305925e+02
   2.9480439e+02
  -1.0578677e+01
   1.5614912e+02
   3.0334505e+02
   6.9262314e+01
   2.9511743e+02
   1.7780471e+02
   2.3704998e+02
   1.2217891e+02
   2.7145135e+02
   2.1876667e+02
   1.6711756e+02
   2.2989807e+02
   1.3704542e+02
  -8.7680315e+00
  -3.7123819e+01
  -1.4653089e+01
   1.1885500e+02
   1.9201498e+02
   2.2794708e+01
   9.2489304e+01
  -1.7954715e+01
   7.3464016e+01
   2.9190190e+02
  -4.1208661e+01
   3.6823313e+01
   7.6381570e+01
   1.5388105e+02
   3.0359208e+02
   2.2845664e+02
   3.6802686e+01
   9.9052440e+01
   2.3100188e+02
   1.7964718e+01
   1.8417708e+02
   3.1167772e+02
   1.2132666e+02
   1.3961992e+02
   3.0943096e+02
   1.3443852e+02
   1.2177257e+02
   3.1068141e+02
  -3.8712953e+01
  -4.0647073e+01
   1.4871578e+02
   2.1849610e+02
   6.8131380e+01
   2.3288517e+02
  -3.7471861e+01
   1.0244504e+02
   2.8427376e+00
   7.7113151e+01
   2.2866867e+02
   1.3512445e+02
   2.1744299e+02
   2.1422466e+02
   1.0463180e+02
   2.8789972e+02
  -1.9695007e+01
   9.1582403e+01
   1.5845725e+02
   2.2737304e+02
   2.1911960e+02
   9.2248162e+01
   2.8067631e+02
   2.4487437e+01
   2.9496543e+02
   2.6357705e+02
  -4.4677143e+01
  -4.0300514e+01
   2.7552531e+02
  -3.3665217e+01
   4.7943250e+01
   1.3167404e+02
   1.0391657e+02
   3.0531006e+02
  -4.3819437e+01
  -4.2728546e+01
   1.1974721e+02
   2.4099536e+02
   1.2377805e+02
   8.4738906e+01
   1.5150108e+02
   4.6925444e+01
   7.9202546e+01
   1.8741169e+02
   2.9058677e+02
   1.6657498e+02
   1.5096451e+02
   2.3021098e+02
   4.8817084e+01
   2.7898051e+02
  -3.8791355e+01
   3.7051609e+01
   2.1306895e+02
   2.1946653e+02
   1.4250936e+02
   4.9139468e+01
  -9.1339727e+00
   2.1312631e+02
   4.1248999e+01
   1.0362201e+02
   5.9198352e+01
  -3.8634061e+01
  -3.0663859e+01
   9.5825732e+00
   6.6528591e+01
   1.8303815e+02
   7.5280052e+01
  -3.6866736e+01
   1.5984954e+02
  -2.2523305e+01
   1.7969753e+02
   2.7067976e+01
   3.6478770e+01
   9.7940306e+01
  -4.3340544e+01
   2.2457299e+02
  -4.1101668e+01
   2.3345223e+02
   3.8293625e+01
  -4.0528320e+01
   3.1187960e+02
   1.2269900e+02
   1.3756204e+02
  -3.8871638e+01
   5.1674665e+01
   2.2252011e+02
   3.2838899e+01
   2.4240872e+02
   3.4561569e+01
   4.7144856e+01
  -2.3906043e+01
   3.1721566e+01
   4.2060792e+01
   9.2658944e+01
  -1.4137362e+01
   2.8144348e+02
   5.5637805e+01
  -4.0461249e-01
   4.7831207e+01
   3.1437612e+01
   2.7742199e+02
   2.2831969e+02
  -2.8779366e+01
   2.0325737e+02
   6.2323539e+01
   3.0580764e+02
   3.1376172e+02
   1.3182826e+02
   2.1215352e+01
   1.5485283e+02
   1.6786745e+02
   1.3465325e+02
   1.2152149e+02
   9.9968814e+00
   4.8081178e+01
   3.1385905e+02
   2.1505696e+02
   3.1368507e+02
   1.5491171e+02
   8.3903648e+01
   1.8672437e+02
   2.3728252e+02
   2.0009042e+02
   2.9801146e+02
   3.2916729e+01
   2.6123158e+01
   8.6903655e+01
   2.3198239e+02
   3.0251252e+02
   2.0083870e+02
   2.3973392e+02
   2.4922424e+02
   1.2391984e+02
   1.3195957e+02
   3.4265182e+01
   1.2742949e+00
  -1.6269587e+01
   1.5084292e+02
   8.2723722e+01
   1.3604620e+02
   2.2946113e+02
   1.6603415e+02
   3.0622553e+02
   1.9703050e+02
   2.5866250e+02
   1.4035439e+02
   1.7039691e+02
   2.1929836e+02
  -2.2535598e+01
   2.2055242e+02
   1.0290762e+01
   4.3750859e+01
   2.4259095e+02
  -1.4361346e+01
  -2.7357483e+01
  -1.6054849e+01
   3.1784579e+01
   1.4237104e+02
   9.4873779e+01
   1.4618123e+02
   1.2252151e+02
  -8.3752383e+00
   5.8673657e+01
   1.4149276e+02
   8.8960828e+00
   1.9675066e+02
   2.2255024e+02
   1.8317412e+02
  -4.0712697e+00
   2.1941331e+02
   2.7540807e+02
   1.1444771e+02
   1.0191110e+02
   2.2760548e+02
   1.0398726e+02
   1.2904198e+02
   2.6506734e+02
   2.7133268e+02
   1.4479785e+02
   9.8776694e-01
   1.8401503e+02
   1.5997101e+02
   3.1153006e+01
   1.6669325e+01
   1.5569132e+01
   8.2700679e+01
   8.6241127e+01
   4.5389531e+01
   3.0382054e+02
   1.2722130e+02
   1.5360363e+02
   2.2830725e+00
   4.4180302e+01
   1.3736773e+02
   2.1073958e+02
   1.7531912e+02
   6.2200979e+01
   8.2795611e+01
   1.8794887e+02
   1.0810189e+02
   2.2764061e+02
   1.3204074e+02
   4.2467107e+01
   2.2839911e+01
   9.9849314e+00
   3.1183697e+02
   3.0589890e+02
   2.3230140e+02
   3.4805161e+01
   2.8695643e+02
   2.8577181e+02
   1.1746897e+02
   2.3197519e+02
   2.7648399e+01
   1.3098606e+02
  -3.6337060e+01
   5.3572354e+01
   2.2840403e+02
   9.0204178e+01
   3.0204084e+02
   2.2253987e+02
  -3.1415096e+01
   2.7939628e+02
   2.6476319e+02
   2.5612912e+02
   8.7511969e+00
   3.0538403e+02
   9.5418501e+00
  -3.9478277e+01
  -6.6322187e-01
   2.4769530e+01
   3.0858916e+02
   4.7746472e+01
   2.1714375e+02
  -3.2605418e+01
   2.2693270e+02
   2.2899954e+02
   3.5411843e+01
   1.6993519e+02
   1.7671882e+01
   1.4826612e+02
  -3.2922539e+01
   1.6207968e+02
   1.2023380e+02
   2.7285767e+02
  -4.2659284e+01
   2.3307505e+02
   2.1620767e+02
   1.1801698e+02
   1.4162007e+02
   8.7268018e+01
   1.3585292e+01
   6.0915631e+01
   1.5578308e+02
   1.0933841e+02
   3.0318241e+02
  -1.7535007e+01
  -3.9021448e+01
   1.4471343e+02
   2.7941423e+02
   3.4090334e+01
   1.0904098e+02
   1.5173159e+02
  -1.3666555e+01
   1.6700247e+02
   1.5829188e+02
   7.6380383e+00
   1.0183872e+02
   1.7552806e+02
   2.1333140e+02
  -3.0475197e+01
  -4.0300218e+01
  -2.7731498e+01
   1.7501300e+02
   1.1967209e+02
   6.1564799e+01
   4.9625375e+01
   2.5002978e+02
   2.0658671e+02
   1.5298012e+02
   2.7333253e+01
   1.6989691e+01
   9.4417619e+01
   2.3725043e+02
   2.2212790e+02
   1.8467540e+02
  -2.8681376e+01
   1.3494742e+02
   2.1446844e+02
   3.0582544e+02
   2.2641759e+02
   5.4334075e+01
   1.0774961e+02
   2.2585463e+02
   1.9331196e+02
   1.6883520e+02
   3.0090582e+02
   1.4068478e+02
   2.8306106e+02
   2.2486816e+02
   3.0652905e+02
   3.0134696e+02
   2.2765501e+02
   1.1271169e+02
   1.1897898e+02
   1.3916983e+02
   3.9099634e+01
   3.1287815e+02
   1.1328721e+02
   6.9184039e+00
   9.5199186e+01
  -2.8353963e+01
   1.8227701e+02
   1.5747962e+02
   1.4341977e+02
   2.3157927e+02
   1.0036628e+02
  -2.5213088e+01
   8.6155984e+01
  -9.5126485e+00
   3.0363291e+02
   1.7458879e+02
   3.0579185e+02
   3.0527547e+02
   3.5424301e+01
   5.6290246e+01
   4.2379422e+01
   1.6403991e+02
   3.6642411e+01
   7.3983653e+01
   2.2373810e+02
   2.3637843e+02
  -2.1115705e+00
   4.3345720e+01
   4.6476387e+01
   4.4680010e+01
   1.1015595e+02
   3.4584408e+01
   1.3209522e+02
   9.8651112e+01
   7.3239564e+00
  -9.1768261e+00
   2.3415990e+02
   1.3992316e+02
   1.8914113e+02
  -4.2849384e+01
   2.1619630e+01
   4.6780468e+01
   2.1609987e+02
   1.7930430e+02
  -2.9164338e+01
  -3.1100819e+01
   8.5599747e+00
   1.8088869e+01
   8.1801114e+01
   1.3895942e+02
  -4.3677009e+01
   2.6050829e+02
   1.1962130e+02
   1.1963854e+02
  -4.0956997e+01
