   2.4520522e+02
   3.0816857e+02
   2.9921218e+02
  -2.7261260e+01
   5.8625361e+01
   1.8950269e+02
   3.2442489e+02
   1.5928114e+02
   3.2255203e+02
   1.9291007e+02
   3.1139447e+02
   1.3454450e+02
   3.1645200e+02
   1.0455387e+02
   5.1923535e+01
   2.1911369e+02
   2.4491189e+02
   3.2891156e+02
   3.2878037e+02
   1.7454598e+02
   2.0099744e+01
   1.4952966e+02
   1.7162926e+02
   2.4873634e+02
   2.4658345e+02
   7.1196907e+01
   2.8399168e+02
   2.3931232e+02
   5.2507771e+01
   2.3461160e+02
   2.7442918e+02
  -2.0563018e+01
   2.1626963e+02
   2.3633296e+02
   2.0327234e+02
   2.3052067e+02
   6.6026490e+01
   2.2215851e+02
   1.3916770e+01
   4.9289494e+01
   2.4306988e+01
   6.7615870e+01
   2.1044613e+02
   1.6307223e+02
   1.0346424e+01
   5.2958314e+01
   9.6121114e+01
   4.4369671e+01
   1.4058799e+02
   9.1158212e+01
   1.9236669e+02
   1.1780431e+02
   1.5923582e+02
   2.4328738e+02
   2.4911722e+02
   2.3097056e+02
   2.3385706e+02
   1.4260357e+02
   2.3506208e+02
  -8.4357672e+00
   5.1738220e+01
   1.3786061e+02
   2.9362485e+02
   1.6592663e+02
  -9.4306926e+00
   1.9945095e+02
   2.3962100e+02
   3.2855522e+02
   3.2833810e+02
   2.5601736e+02
   2.4894568e+02
   1.5324764e+02
   1.5592904e+02
  -2.0729352e+01
   3.2849330e+02
   2.8335106e+01
   1.1647934e+02
   3.2118991e+02
   9.0546662e+01
   5.7252631e+01
   2.9436424e+02
   1.3141816e+02
  -7.3941862e+00
   5.5856228e+01
   1.5597446e+02
   5.7332859e+00
   2.4929206e+02
   1.0265934e+02
   1.5487102e+02
   1.0682569e+02
  -2.9389223e+01
   6.5614733e+01
   2.2832766e+02
   2.8165300e+01
  -2.2038749e+01
  -1.6166921e+01
   2.0555234e+02
   2.3480891e+02
   5.7314328e+01
   9.4227347e+01
   2.0629926e+02
   3.0960598e+01
   2.2776638e+02
   1.6818004e+02
   2.9434659e+02
   3.2482300e+02
   6.4027913e+01
   1.9361430e+02
   1.3109157e+02
   1.2286006e+02
   2.1375005e+02
   5.9260119e+01
   3.4371667e+01
   2.8948403e+02
   2.7576450e+01
   6.2950197e+01
   2.6029662e+02
  -2.8715541e+01
   3.0938202e+02
   5.2243975e+00
   2.5177500e+02
   2.4411801e+02
   2.9186741e+02
   5.9181811e+01
   1.8500397e+02
   2.4111059e+02
  -2.4177734e+00
   6.5957114e+01
   3.5489432e+01
   5.8962580e+01
   2.7467811e+02
   2.1626031e+02
   1.4547098e+02
   2.3563924e+02
   9.8442038e+01
   2.0258787e+02
   4.6800436e+01
   3.1392533e+02
   2.5530127e+02
   1.5114848e+02
   5.2381803e+01
   2.4532154e+02
   2.2883400e+02
  -2.1796410e+01
   1.1261168e+02
   2.0031684e+02
   1.5054311e+02
   3.2767367e+02
   2.6615733e+02
   1.4864445e+02
   5.5278375e+01
   1.5901005e+02
   6.9860197e+00
  -2.5407670e+01
   3.1465439e+02
  -1.2582285e+01
   3.0799702e+02
   2.4676428e+02
   1.9130474e+02
   3.2708305e+02
   1.4164003e+02
   3.2375672e+02
   1.7594399e+02
   3.2116634e+02
   1.4676263e+02
   5.3698912e+01
   1.2126223e+01
   2.3349922e+02
   1.6935505e+01
   1.4992010e+02
   2.3705668e+02
   5.6287367e+01
   1.9792775e+01
   2.3871530e+02
   2.6296114e+02
   2.4097110e+02
   3.7374753e+01
  -9.9338918e+00
   2.4634790e+02
   1.5249644e+02
   1.1273126e+02
   9.0958380e+01
   1.5754783e+02
   9.2990637e+01
   1.3513849e+02
   1.4994253e+02
   3.2635024e+02
   6.4943303e+01
   7.0495566e+00
   6.9093803e+01
   2.7606608e+02
   3.1368346e+01
   1.6739226e+02
   2.0090351e+02
  -2.8883366e+01
   1.5026307e+02
   2.5356570e+02
   3.7652066e+00
   1.0404949e+02
   2.2085543e+02
   8.2989477e+01
   1.3610541e+02
   8.0374922e+01
   2.0891533e+01
   2.9314964e+02
   3.2948735e+02
   3.3809325e+01
  -2.5467064e+01
   2.3078164e+02
   1.1641323e+02
   3.7090686e+01
   1.4704022e+01
  -1.1429674e+01
   2.2121464e+02
   2.4338439e+02
   1.5366859e+02
   2.4572014e+02
   3.0982704e+02
   1.2142321e+02
   1.8461192e+02
   1.5487591e+02
   2.2277948e+02
   2.9249790e+02
   3.6899757e+01
   3.1059720e+02
   2.4367265e+02
   3.6606158e+00
  -9.6398885e+00
  -1.2850767e+01
   2.1577905e+02
   3.2373181e+02
   1.4118185e+02
   3.0372508e+02
   1.1809068e+02
   2.3665999e+02
   2.8320207e+02
   2.5795558e+02
   1.4874745e+02
   2.2560006e+02
   3.0925202e+02
   1.2782168e+02
   1.4286165e+02
   1.5325042e+02
   2.2902402e+02
   1.2646003e+02
   1.5434612e+02
   8.4092053e+01
   2.8809274e+02
   1.5033160e+02
   9.1222911e+01
   1.5881639e+02
   1.3885837e+02
   3.1507542e+02
   2.8917828e+02
   2.7819541e+02
   7.9992286e+01
   8.1263002e+01
  -2.4950505e+01
   2.2931606e+02
   3.2867154e+02
   2.7766257e+02
   8.0768591e+01
   2.6448994e+01
   2.0447235e+02
   1.6127248e+02
   1.5777700e+02
   1.6858095e+02
   3.2333059e+02
  -2.2416284e+00
   5.0677972e+01
   1.5236574e+02
   2.3931286e+02
   5.9321859e+01
   1.6231664e+02
   1.3341092e+02
   2.5527368e+02
   4.8759607e+01
   6.2773927e+01
   1.0585212e+02
   9.2040521e+01
   8.0343501e+01
   2.3335350e+02
   1.3557335e+02
   2.3287661e+02
   8.8316211e+01
   1.1581544e+02
   5.8684902e+01
   7.4396575e+01
   1.2179397e+02
   2.5887061e+02
   6.0606697e+01
   2.6452841e+02
   1.9681318e+02
   1.7921210e+02
   2.6099788e+02
  -1.1843871e+01
   2.3548699e+01
   1.4991488e+02
   1.4690761e+02
   2.9101007e+02
   1.6008529e+02
   8.2687360e+01
   7.1817420e+01
   1.5118030e+02
  -6.7036410e+00
   2.4793688e+02
  -8.2145626e+00
   2.4102178e+02
   1.7847119e+02
   2.7130668e+02
   9.5061635e+01
   9.5434400e+01
   7.9282125e+01
  -1.5050307e+01
   2.3769256e+02
   1.1087461e+02
   2.9426991e+02
   2.8187034e+02
   3.1800773e+02
   3.2095344e+02
  -2.0906601e+01
   3.1696166e+01
   5.9970604e+01
   1.2236684e+02
   2.6913392e+02
  -2.5380893e+01
   1.3800827e+02
   2.6938446e+02
   2.9409567e+02
   1.5253915e+02
   2.7194263e+02
   1.7435644e+02
   3.7042924e+01
   5.6497988e+01
   1.7244277e+02
   2.4862601e+02
   8.2579552e+01
   8.7332861e+00
  -2.9233593e+01
   2.4793203e+02
   2.2004967e+02
   2.3703045e+02
   1.1289502e+02
   2.8616917e+02
   9.4770864e+01
   2.5379428e+02
  -1.0430773e+01
   1.0495190e+02
   1.0206819e+02
   7.2302231e+01
   2.3892214e+02
   2.9917992e+02
   6.8921343e+01
  -2.8360049e+01
   2.0765268e+02
   2.3540546e+02
   7.3352524e+01
   1.2319215e+02
   2.6296799e+02
   1.3071297e+02
   1.9503611e+02
   1.8604398e+02
   3.2298306e+02
   2.4515914e+02
   1.4741226e+02
   2.4005599e+02
   2.2880412e+02
   2.8703834e+02
   3.2556227e+02
   2.7461727e+02
  -2.6165892e+01
   1.7575273e+02
   3.1977722e+02
   1.4962040e+02
   2.4582676e+02
   2.5519975e+01
   1.6210674e+02
  -7.4219514e+00
   1.7329023e+02
   2.5484117e+02
   5.2125562e+01
   1.2860826e+02
   2.0396351e+02
   5.6060432e+00
   1.5761667e+01
   6.5713551e+01
   2.5858633e+02
   1.4023617e+02
   5.0108444e+01
  -2.5130115e+01
   5.5959100e+01
   2.5581209e+02
   1.4531080e+02
   6.1757912e+01
   1.4997425e+02
   2.7861840e+02
   1.5827842e+02
  -2.2942200e+01
   2.8572490e+02
   3.2966562e+02
   3.1438379e+02
   1.3563714e+02
   1.4152672e+02
   3.1477027e+02
   1.4665070e+02
   3.2277797e+02
   1.7266885e+02
   1.7501097e+02
   2.8474954e+02
   5.6948790e+01
   1.2321382e+01
   1.4703581e+02
   5.7698497e+01
   1.4573095e+02
   2.4505647e+01
   5.1575230e+01
   4.4242827e+01
  -8.5821960e+00
   4.2074142e+01
  -2.8939220e+01
   9.3471728e+01
   6.9192373e+01
   2.7419365e+02
  -1.6398720e+01
   2.8256708e+02
  -7.5068219e-01
   2.4751467e+02
   2.4719841e+02
   2.3679541e+02
   3.0547347e+02
  -9.2892104e-01
   2.4353856e+02
   3.1228803e+02
  -4.8390777e+00
   3.2182981e+02
   1.4845506e+02
  -7.8529981e+00
   1.5781262e+02
   2.0337375e+02
   2.5357167e+02
   3.1545650e+02
   8.1511545e+01
  -1.9001359e+01
   2.0413885e+02
   1.2665727e+01
   1.4475411e+02
   1.1949998e+02
   1.4751044e+02
   4.6034924e+01
   1.5506236e+02
   2.9970277e+02
   1.4711735e+02
   6.4055710e+01
   2.7404760e+01
   6.4757732e+01
   1.4692423e+02
   4.3298850e+01
   2.4032233e+01
   3.1477072e+02
   2.3952528e+02
   4.4322713e+01
   2.0965247e+02
   4.9042846e+01
   1.4427465e+02
   1.3174808e+02
   2.3140235e+01
   3.0853481e+02
   1.7949830e+02
   3.2179100e+02
   2.3181632e+01
  -2.7634528e+01
   1.9663109e+02
   3.6348982e+01
   3.1411242e+02
  -1.5867774e-01
   4.7013977e+01
   2.9522236e+02
   2.4163826e+02
   1.4972962e+02
   3.2685173e+02
   1.5951699e+02
   1.4483085e+02
   5.2191986e+01
   2.1001354e+02
   1.3523972e+02
   4.7565104e+01
   4.9299237e+01
   2.9043186e+02
  -1.0306467e+01
   6.2719540e+01
   7.8559048e+01
  -2.3556415e+01
   2.8363158e+01
   2.5369359e+02
   6.0021815e+01
   2.4184324e+02
   1.4768192e+02
   1.7085226e+02
   1.8377981e+02
   2.4050067e+02
