   2.6739877e+02
   1.2047953e+02
   3.2276882e+01
   1.1023818e+02
   9.8926592e+01
   8.8498005e+01
   1.9100625e+02
   6.2463554e+01
   1.1719917e+02
   9.9282499e+01
   7.8549242e+01
   3.5452483e+01
   1.9537292e+02
   8.5329996e+00
   1.1192189e+02
   1.5021912e+01
  -6.4769137e+01
   9.7672380e+01
  -6.5629834e+01
   2.3748402e+01
  -6.1545284e+01
   1.1672849e+01
   1.7501301e+02
   2.1789335e+01
   4.3799222e+01
   1.9517605e+02
   2.1143480e+02
   1.0010576e+02
  -5.4919511e+01
  -5.5652942e+01
  -7.1679380e+01
   2.7413279e+02
   1.9719623e+01
   1.5133508e+02
   1.8712482e+02
   1.2201174e+01
  -4.1861748e+01
   1.6418112e+02
   1.3571758e+02
   2.5585360e+02
   9.9944914e+01
   1.0809037e+02
   9.1389809e+00
  -1.4758600e+01
   2.7490703e+02
   2.4873286e+02
   4.0585121e+00
   1.5050662e+02
  -6.1230528e+01
   7.4261064e+00
   2.9281341e+01
   1.7979567e+02
   5.1943940e+01
  -1.1702446e+01
   2.7471607e+02
   7.5313173e+01
   1.8331291e+02
   1.8041562e+02
   1.0236622e+02
   1.0297401e+01
   1.3692930e+02
  -3.5847805e+01
   1.5785639e+02
   1.0250627e+02
   1.8820132e+02
   2.3581684e+02
  -6.6846871e+01
   1.4541901e+01
   2.5767209e+02
  -2.0567550e+01
   1.1406987e+02
   1.4056485e+01
   6.5632318e+00
   1.9261989e+02
   4.5946972e+00
   2.2799885e+02
   2.6838578e+02
  -6.7016603e+01
   2.8444958e+02
   7.9811898e+01
   3.2780531e+01
   1.3278081e+02
   4.9110845e+01
  -6.6179862e+01
   1.4337722e+02
   2.3352403e+02
   2.8164801e+01
   2.7894180e+02
   2.8311256e+02
   8.3743287e+01
   1.9474032e+02
   2.0090081e+02
   6.2885209e+01
   1.0969406e+01
   6.6808422e+01
   9.1677623e+01
   1.9024911e+01
   1.1354336e+02
  -7.1782010e+01
   1.0515149e+02
  -4.4999704e+00
   8.3652505e+01
   2.0826992e+02
   1.4762425e+02
   1.8686257e+01
  -3.7302126e-01
  -2.3372366e+01
  -6.0555375e+01
   8.4679210e+00
   2.6416406e+02
   9.4954092e+01
   2.3871596e+02
   1.8831121e+02
   1.1449861e+02
   5.1063267e+00
  -2.2046233e+01
   4.0181587e+01
   9.1695234e+01
   2.1723959e+02
   1.0934501e+02
   1.0396878e+02
  -7.3293689e+01
   9.0188061e+01
   1.6834882e+02
   2.8602630e+01
   1.8798713e+02
   1.8351710e+02
   1.8931973e+02
   3.4084229e+01
   1.7985450e+02
   1.0759736e+02
   9.4046512e+01
   4.0750971e-01
   1.1017051e+02
  -1.3382919e+01
   1.1714671e+02
   1.8019034e+02
   1.1140383e+02
   1.0173536e+02
  -7.4635400e+01
   2.0929770e+02
  -6.2460912e+00
   1.8996495e+02
   2.8339602e+02
  -4.0334510e+00
  -4.2665149e+00
   8.8405555e+00
   4.5668672e+01
  -2.4949123e+01
   1.9731637e+02
   4.6146539e+01
   1.8914650e+02
   1.2881260e+02
   9.0957612e+01
   2.4595627e+02
  -9.0225726e+00
  -3.2736478e+01
  -3.6775167e+01
   1.9801774e+02
  -7.3752527e+01
   6.6080534e+01
   2.0490090e+02
   1.7582753e+02
   1.9819338e+02
   2.4486971e+02
   1.9526328e+02
  -5.8366583e+01
   3.0183926e+01
   2.6834944e+02
   1.9915440e+02
   2.0057478e+02
   9.7101875e+00
   1.9894908e+02
   8.8151239e+00
  -5.4922607e+01
  -6.4767247e+01
   2.5874555e+02
   4.1170480e+01
   1.1556277e+02
   5.8412501e+01
  -6.9299854e+01
  -7.4985527e+01
   1.0630905e+02
   2.6669547e+02
  -2.2344662e+01
   2.6067778e+02
   1.1276024e+02
  -5.5665600e+01
   2.5423876e+02
   1.0635126e+02
  -6.0455925e+00
   1.4778047e+02
   2.8432279e+02
   2.4011619e+02
  -7.2270269e+01
   1.9041663e+02
   2.1047907e+02
   7.6156044e+01
   1.0621011e+02
   2.5995553e+02
   1.9631515e+02
   3.1246711e+01
   1.1592919e+02
   2.2898309e+02
   1.9878181e+02
   9.9826932e+01
   1.5862129e+02
   3.3958394e+01
   2.5954436e+02
   1.7648863e+02
   2.0325221e+02
   1.7706251e+01
   1.3227602e+02
   2.1960271e+01
   9.3957187e+01
   7.1911677e+00
   1.7822668e+02
   3.3475111e+01
   1.0796438e+02
   1.0691675e+01
   1.1952095e+02
   2.7373772e+02
   1.9577898e+02
   6.0814049e+01
   1.6141572e+02
   5.3429452e+01
   1.5283766e+02
   2.8053553e+02
   2.6780715e+02
   2.0469484e+02
   2.7942768e+02
   1.8307742e+02
   2.2834327e+02
  -6.4691293e+01
   1.9289082e+01
   1.0757673e+02
   9.1062007e+01
  -5.8991589e+01
   5.2271027e+00
   5.5651828e+01
  -6.2201944e+01
   1.0483069e+02
   1.7969762e+02
   1.8732405e+01
   1.4711797e+02
   3.6401880e+01
   2.8422948e+02
   1.5275635e+02
   1.9088998e+02
   2.0150063e+02
   2.0545907e+02
   2.4469374e+02
   2.8310320e+02
   1.6938170e+02
   1.2821042e+02
   2.1822427e+00
  -4.1728736e+00
   1.1749723e+02
   7.2818830e+01
   2.0111336e+02
   2.0821180e+02
   1.4085441e+02
  -1.7378032e+01
  -7.4600654e+00
   2.3428850e+02
  -3.0385424e+01
   1.1050886e+02
   1.3868036e+02
   9.3834791e+01
  -6.2260197e+01
   1.1639835e+02
  -7.3100692e+01
  -7.1260670e+01
   1.9773643e+02
   1.1350143e+02
   1.0992658e+02
   8.4085503e+01
   1.1113040e+02
   2.7580317e+02
   5.1117046e+01
   1.0849159e+02
   1.8659740e+02
   2.1877108e+02
   1.2435785e+02
   2.6324600e+02
  -3.8280003e+00
   8.2916504e+00
   3.8315477e+01
   9.7293465e+01
   2.4500158e+02
   1.2653748e+02
   1.4682584e+01
   2.0387376e+01
  -3.4078658e+01
   1.2781691e+02
   2.1053620e+02
   1.0826465e+02
  -6.7375876e+01
   1.9028958e+02
  -6.6531347e+01
   6.9409727e+01
   1.8062366e+02
   1.8036406e+01
   1.5579635e+02
   1.5820546e+02
   2.4087785e+02
   2.7014133e+02
   1.1064071e+02
  -7.0375390e+01
   1.2718680e+02
   2.2329382e+02
   1.5055265e+02
   1.8839928e+02
   1.4401928e+02
   1.7915834e+02
   1.8944002e+02
   1.1762166e+02
  -5.2989528e+01
   2.1943662e+02
   1.2502381e+02
  -5.0916683e+01
   1.6236689e+02
   1.9571603e+02
   1.0317458e+02
  -6.2260201e+01
   1.8622552e+02
   2.7010389e+02
   9.7057195e+01
   1.0719157e+02
   5.9572797e+01
   2.8384362e+02
   9.0952303e+01
   1.9814322e+02
  -4.4993055e+01
   1.0958640e+02
   2.3709708e+02
   1.6236079e+02
   1.1150521e+02
  -2.4604536e+01
   2.8124660e+02
  -5.0212638e+01
  -7.3520774e+01
   2.5805094e+02
  -6.0832041e+01
   1.1502745e+02
   1.4265902e+01
   1.0688901e+01
   2.8165954e+02
   1.7816509e+01
   2.7928244e+02
   1.7686808e+02
   2.3531404e+02
  -6.2143964e+01
  -1.4390708e+01
   1.9097120e+02
   1.7358181e+02
   1.0372525e+02
   2.3045304e+02
   7.6262976e+00
   2.0425880e+02
   1.1771522e+02
  -3.0037301e+01
  -5.3282179e+01
  -5.6574397e+01
   1.0756789e+02
   1.5522589e+02
   1.0199300e+02
  -4.6843767e+01
   2.0245346e+02
   3.0249139e-01
   1.2556709e+02
   2.8408348e+02
   1.0222896e+02
  -4.1136904e+01
   1.8724584e+02
   2.1290632e+02
  -6.8030012e+01
   1.8431787e+02
   1.1785492e+02
   6.0396888e+01
   1.3374278e+01
   2.3301502e+02
   7.6238925e+01
   1.6650506e+02
   1.2954218e+02
  -7.7318315e+00
   1.9219266e+02
   2.4414023e+02
   1.1151161e+02
   5.9227844e+01
   2.1540385e+02
   1.9509409e+02
   6.4572495e+01
   2.4532196e+02
   1.6555788e+02
   2.2342434e+02
   2.7348311e+02
   1.9484578e+02
   1.9633795e+02
   1.3421324e+02
   2.6789085e+02
   2.3392326e+00
   1.9565122e+02
   2.8350405e+02
  -8.4323503e-01
   2.7973337e+02
   1.0194033e+02
  -7.4840700e+01
   1.5856880e+01
   1.1092099e+02
   1.3917860e+01
   6.8428491e+00
  -5.8253959e+00
   1.0748851e+01
   6.4040263e+01
   1.6181617e+00
  -6.9173026e+01
  -7.2045244e+01
   3.2421739e+01
   5.1034209e+01
   1.7269818e+02
   1.4914429e+02
  -3.7721145e+01
   1.5073717e+02
   2.7977602e+01
   1.4148852e+02
   2.3765579e+02
   2.1864666e+02
   1.0011070e+01
   9.7148947e+01
   2.0005968e+02
   5.9970337e+01
   1.1236126e+02
   2.8012424e+02
   2.0306143e+02
   9.3745148e+01
   3.3556279e+01
   9.8870072e+01
   2.0501643e+02
   1.0988938e+02
   3.8366105e+00
   6.0533105e+01
   2.1428698e+01
   1.6294247e+02
   2.3076206e+01
   1.7535156e+01
  -1.9137654e+01
   1.3885017e+01
   2.7677586e+02
   1.1967327e+02
   1.9671212e+02
  -7.8989598e+00
   1.6427272e+02
   2.1077331e+02
   1.6730744e+02
   1.4590764e+02
  -4.7683536e+01
   2.0585783e+02
   2.4538866e+01
  -5.1010797e+01
   2.7794749e+02
   9.0928701e+01
   1.7177206e+01
   5.1362546e+01
   1.4287985e+02
   1.9659076e+02
   1.4537714e+02
   2.7098417e+02
   2.0176907e+02
   3.4519160e+01
   1.4174511e+01
   1.2910158e+02
   1.1025869e+02
   2.2707011e+02
  -1.2769482e+01
  -7.3012879e+01
   1.9966465e+02
   1.9355460e+02
   3.1114376e+01
   1.8297778e+02
   1.8117627e+02
   6.0051778e+00
   1.8391568e+02
  -6.6099076e+01
   9.5742393e+01
   1.7267720e+02
   3.1165533e+00
   1.1756156e+02
   1.9120772e+02
   2.0923325e+02
   1.9615065e+02
   4.8288925e+01
  -1.5332497e+01
   1.4525982e+02
   2.6632168e+02
   1.9453094e+02
  -4.2517642e+01
  -1.3901542e+01
   2.3141076e+01
   2.7554103e+01
