   1.9108638e+02
   2.5200889e+02
   1.2578003e+01
   2.6837993e+02
   5.4658198e+01
   3.3685125e+02
   1.7613397e+02
  -9.1119324e+00
  -7.1241817e+00
   3.1768672e+02
   3.3998033e+02
   3.3610562e+02
   1.5488402e+02
   9.4716788e+01
   2.5630983e+02
   2.6215975e+02
   1.6546579e+02
   3.4137184e+02
   2.4712341e+02
   5.9287841e+01
   2.9509706e+02
   2.2182390e+02
   2.1794072e+01
   7.5782213e+01
   1.9396733e+02
   3.3185578e+02
   2.8915415e+02
   1.4124882e+01
   8.7047382e+01
   2.5611848e+02
   2.3809793e+02
   1.6462010e+01
   7.3784514e+01
   6.5553072e+01
   7.8399501e+01
   2.0255206e+01
   9.6474202e+01
   3.3838599e+02
  -6.2106166e-01
   4.4808907e+01
   2.4665072e+02
   1.5136075e+02
   1.7415450e+02
   2.7254572e+01
   4.3183191e+01
   7.4989376e+01
   1.3611210e+02
   3.3741943e+02
   2.2480153e+02
   1.5200307e+02
   3.3533558e+02
   8.5674157e+01
   2.5922371e+02
   1.7630147e+02
   3.2004936e+02
   2.5552148e+02
   4.4998466e+01
   2.6912990e+02
   2.2067525e+01
   2.4971155e+02
   3.0310417e+02
   7.3352700e+01
   7.1637313e+01
   3.3850882e+02
   1.2168774e+02
   1.7300554e+02
   3.3568551e+02
   2.5719751e+02
   2.5128301e+01
   2.4512523e+02
   1.0450351e+02
   7.6591893e+01
   3.4006683e+02
   2.1050523e+02
   3.4351520e+02
   2.6711523e+02
   2.7464370e+01
  -1.4063572e+01
   5.9020942e+01
   6.7442948e+01
  -1.4096262e+01
   1.3111474e+02
   2.5314477e+02
   8.0471274e+01
   7.8732908e+01
   2.6242240e+02
   1.3783693e+01
   2.4971798e+02
   2.8115424e+02
   2.6735761e+02
   1.9586298e+02
   1.0862063e+02
   2.4442074e+02
   8.0375485e+01
   3.4009716e+01
   2.0409497e+02
   2.2472019e+02
   2.8395881e+02
   2.2750351e+02
   1.6819475e+02
   8.9179683e+01
   3.5205275e+01
   1.2137768e+02
   2.2921066e+02
   1.7073303e+02
   3.3709993e+02
   8.1380892e+01
   2.9708778e+02
   1.1955175e+02
   3.4186923e+01
   1.4768957e+01
   8.3744985e+01
   2.5097653e+02
   3.4291964e+02
   1.1894441e+02
   2.4922658e+02
   1.2198587e+02
   2.5974863e+02
   7.3967571e+01
   7.8812439e+01
   1.5317052e+02
   1.7146565e+02
   9.3782555e+01
   9.1029146e+01
   7.8532884e+01
   1.5185101e+02
   3.4062682e+02
   1.2362732e+02
   3.2456431e+02
   4.5120431e+01
  -1.1720933e+01
   3.1800146e+02
   2.5656145e+02
   2.9337580e+02
   2.8580707e+02
   2.0185915e+02
   2.3652056e+01
   1.1090584e+02
   8.5540349e+01
   8.8871418e+01
   1.4897001e+02
   2.2065230e+02
   5.7119235e+00
   3.3553769e+02
  -7.3453643e+00
   8.9328626e+01
   3.2033238e+02
   1.7004697e+02
   2.4760472e+02
   1.7627487e+02
   3.9767835e+01
   3.0010743e+02
   1.2111582e+02
  -2.2423449e+00
   3.0342415e+02
   1.7751859e+02
   2.6270344e+02
   8.3035088e+01
   1.8001499e+02
   3.0633698e+02
   2.1994834e+01
   6.1336500e+01
   5.8927834e+01
   2.3757807e+02
   1.1508630e+02
   8.2830145e+01
  -1.4497543e+01
   2.7878753e+02
   1.2335100e+02
   2.9433881e+02
   1.6033808e+02
   2.3461059e+02
   2.4615643e+02
   1.0025145e+02
   1.2660434e+02
   3.3718241e+01
   5.0250440e+01
   6.0375620e+01
   1.9874087e+02
   1.9900789e+02
   2.6106187e+02
   4.7089301e+01
   3.2088056e+02
   5.2380369e+00
   2.4729604e+02
   3.3321524e+02
   5.7620691e+01
   1.6797074e+02
   2.5831735e+02
   3.7578753e+01
   6.7122406e+01
   3.2018628e+02
   1.3690130e+02
   3.2313941e+02
   5.3395455e+00
   2.2771216e+02
   8.5731144e+01
   3.4144675e+02
   2.6583134e+02
   3.3162284e+02
  -5.7123541e+00
   6.6181590e+01
   1.7612144e+02
   2.3276814e+02
   1.6443212e+02
  -6.7916065e+00
   2.0651686e+01
   8.8590449e+01
   1.0263678e+02
   1.7872042e+02
   3.3787268e+02
   2.2174777e+02
  -1.0921182e+01
   2.3876394e+02
   3.3717043e+02
   1.6080420e+02
   6.0808120e+01
   3.3783275e+02
   1.6297285e+02
   8.6823654e+01
   1.9724566e+02
   1.2538016e+02
   4.6937320e+01
   4.6235340e+01
   2.2848341e+02
   1.9005400e+02
   1.6868789e+02
  -3.6498618e+00
   1.8360138e+02
   2.5472232e+02
   3.3327875e+02
   7.0290287e+01
   2.1123188e+02
   1.0183790e+02
   1.7256565e+02
  -9.6321935e+00
   7.0661162e+01
   2.5738794e+02
   2.9637720e+02
   3.4287896e+02
   1.7801107e+02
   3.4155089e+02
   1.6385320e+02
   2.8685576e+02
   1.1006297e+02
   1.5765543e+02
   8.0139768e+01
   2.6257644e+02
   6.9929198e+01
   2.5616727e+02
   1.7485747e+02
   2.5478756e+02
   3.2318862e+02
   7.2887145e+01
   5.3704799e+01
   7.5901009e+01
   2.2550946e+02
   1.5823298e+02
  -6.3547095e+00
   1.8524220e+02
   8.8018708e+01
   7.4928791e+01
   1.6049886e+02
   2.5116440e+02
   3.1697698e+02
  -9.1321254e+00
   1.6920353e+02
   2.6140561e+02
   1.9205192e+02
   3.4371716e+02
   1.9925609e+02
   1.0610657e+02
   3.3043820e+02
   2.6948547e+02
   1.4414701e+02
   1.8016389e+02
   3.3131864e+02
   3.2850432e+02
   2.2849810e+02
   2.3918802e+02
   3.2976939e+02
   1.8505198e+02
   3.2335570e+02
   1.6512824e+02
   2.5374642e+02
   2.8515271e+02
   4.0886875e+01
   2.8395558e+02
   1.5209052e+02
   2.5509681e+02
  -8.6414570e+00
   9.2527834e+01
   1.7338992e+02
   3.1326175e+02
   2.8438696e+02
   6.7330179e+01
   1.6687492e+02
   2.4410461e+02
   1.7908765e+02
   7.8539469e+01
   1.1245383e+02
   7.9950934e+01
   5.2225729e+01
   1.1123642e+02
   2.6032192e+02
   5.3298673e+01
   2.8659517e+02
   2.7576401e+02
   2.8584874e+02
   2.6676983e+02
   1.2329434e+02
  -1.1580100e+01
   3.3418797e+02
   2.8272559e+02
   9.6248890e+01
   2.8622900e+02
   8.6281256e+01
   1.4845027e+02
   2.6628359e+02
   7.3940997e+01
   1.6396315e+02
   1.7634513e+02
   4.0409226e+01
   1.7110814e+02
   2.3608104e+02
   1.7409133e+02
   8.3717430e+01
   1.8034660e+02
   8.6966324e+01
   9.7548915e+00
   2.4235180e+02
   2.4938014e+02
  -7.5873076e+00
   1.4686890e+02
   5.0547876e+01
   2.8284612e+02
   2.6249143e+02
   2.5547074e+02
   3.3794554e+01
   3.3357957e+02
   8.3197781e+01
   2.1383166e+02
   2.7522765e+02
  -1.2263082e+01
   2.2543584e+02
   8.8172093e+01
   3.6278963e+01
   1.1200449e+02
   1.6912794e+02
   2.6448935e+02
   7.3515085e+01
   2.3408292e+02
   7.0116467e+01
   1.0828864e+01
   4.9045274e+01
   1.6451792e+02
   3.3995920e+02
   3.1076423e+02
   2.4977272e+02
   1.9207477e+02
   1.5537009e+02
  -1.3223699e+01
   2.6094622e+02
   2.5728070e+02
   2.5383628e+02
   2.3531931e+02
   2.3877333e+02
   2.2883421e+02
   7.0701297e+01
   1.1445238e+02
   6.0556705e+00
   3.4340491e+02
   8.6663938e+01
   2.3942656e+02
  -1.4660021e+01
   3.4247215e+02
   1.9447247e+02
   1.4532111e+02
   8.0022125e+01
   3.0872307e+02
   2.4691055e+02
   1.6603840e+02
   7.0594110e+01
   2.0779402e+02
   2.7812637e+02
  -9.2446582e+00
   6.2166937e+01
   3.4063225e+02
   2.4678995e+02
   2.7924141e+02
   1.7224809e+00
   2.1254942e+02
   1.5081616e+02
   2.3057308e+02
   3.4159045e+02
   2.7595806e+02
   8.5678370e+01
   2.6234806e+02
  -9.4240229e+00
   2.2438894e+02
  -4.4433196e+00
   1.8097686e+02
   1.7542929e+02
   3.4389019e+02
   3.6755611e+01
   2.9933914e+02
   3.3840305e+02
   5.2538989e+01
   7.2361867e+01
   8.1909654e+01
  -1.4375006e+01
   2.5684966e+02
   3.2032581e+02
   1.6856625e+02
   3.3648682e+02
   3.4113865e+02
   1.0423359e+02
   8.3299568e+01
   2.0953532e+02
  -6.0044476e+00
   1.7474186e+02
   1.5026935e+02
   1.1408363e+02
   1.0533704e+02
   1.4950290e+01
   6.2514678e+01
   1.2554467e+02
   7.1163821e+01
   2.3189837e+01
   1.6005792e+02
   2.3703370e+02
   3.4417319e+01
   7.0593459e+01
   2.4348808e+02
   1.5518527e+02
   1.4953795e+02
   3.1123471e+02
   1.6973523e+02
   2.8252824e+02
   2.5535107e+02
   3.1981916e+02
   2.8334298e+02
   1.5958299e+02
   2.2251694e+02
   2.4780147e+02
   1.4930439e+02
   1.3564634e+02
  -2.6533457e+00
   2.6408907e+02
   2.5513195e+02
   3.1866512e+02
   3.4044442e+02
   6.1682005e-01
   1.5638164e+02
   7.9098282e+01
   1.2386918e+02
   1.1109870e+02
  -1.1295044e+01
   1.7726100e+02
   2.8204729e+01
   3.4434058e+02
   2.5934144e+02
   1.7983906e+02
   3.0989071e+02
  -9.6880206e+00
   2.6598537e+02
   8.1585529e+01
   1.5970420e+02
  -1.4578001e+01
   1.2378792e+02
   2.5272141e+02
   5.8773622e+01
   2.1184451e+02
   1.2547912e+02
   7.5011404e+01
   3.1432503e+01
   2.8131244e+02
   7.3658107e+01
   2.9979032e+02
   3.4440817e+02
   8.1416266e+01
   8.3686682e+01
   5.5437812e+01
   2.9818881e+02
   8.6914276e+01
   9.5696983e+01
   2.5678782e+02
   3.0982013e+02
  -1.3124069e+01
   2.4240990e+02
   7.4097010e+01
   1.3304512e+02
   7.7869408e+01
   2.5568793e+02
   1.7972415e+02
  -1.2646031e+01
   1.6953133e+02
   2.5383527e+02
   2.7888247e+02
   2.5464617e+02
