  -4.5658391e+00
  -7.6193666e+00
  -8.9536026e+01
   7.6939364e+00
   2.0162306e+02
   6.9815963e+01
   9.1013613e+01
   1.0320777e+02
   2.3765214e+02
   7.6291238e+01
   7.0295684e+01
   9.5835261e+01
   2.5695556e+02
   5.9079079e+01
   1.2253838e+02
   1.7555617e+02
   1.8339896e+02
   6.9805717e+01
   9.7544214e+01
  -6.3712530e+01
   7.1403160e+01
   2.4838620e+02
   1.7237749e+02
   2.3677533e+02
   9.0424754e+01
   1.8373184e+02
   1.7490560e+02
   8.0384972e+01
   5.7233393e+01
  -3.0194070e+01
  -8.7963685e+01
  -2.0733737e+01
   1.0025682e+02
  -5.5883929e+01
   2.6711161e+02
   2.3911358e+02
  -7.7110886e+01
  -3.1035051e+01
  -3.3893305e+01
   4.4525276e+00
   8.5826154e+01
   4.7167188e+01
   1.8756145e+02
  -3.9264678e+01
   2.5887937e+02
   1.5131716e+02
   1.6909534e+02
  -5.4314467e+00
  -8.7256446e+01
   1.1703926e+02
   2.0484545e+02
   1.2862591e+02
   1.7307537e+02
   1.7775678e+02
   1.3293292e+02
  -6.9610352e-01
   1.7577004e+02
  -3.7862558e+01
   8.4820466e+01
   4.8519305e+01
  -7.2848972e+01
  -7.8046726e+01
   1.3722572e+02
   2.6466661e+02
   8.4024601e+01
   2.1398119e+01
  -2.2428523e+01
   2.5387757e+02
   1.8570734e+02
   1.8103496e+02
   1.2987965e+02
   1.6918983e+02
   1.2386391e+02
   1.7020759e+02
   2.1260011e+02
  -2.1160699e+01
   2.3716441e+02
  -4.4251806e+01
   1.8360580e+02
   9.0585545e+01
  -5.8089238e+01
   1.6141739e+02
   1.2133809e+02
   1.5577648e+02
   8.4380820e+01
   1.0873713e+01
   1.7793760e+02
   1.7629226e+02
   2.3727997e+02
   1.0093355e+02
  -3.4494948e+01
   2.4812210e+02
   2.6526142e+02
   9.2526105e+01
   2.4894433e+02
  -9.1673014e+00
   1.8071900e+02
  -8.5030448e+01
  -4.5572769e+00
  -9.5656445e+00
   6.5365758e+01
   6.7131859e+01
  -1.4749139e+00
  -6.4275994e+01
  -8.0386836e-01
   1.7186900e+02
  -4.6024923e+00
   1.0434599e+02
   2.1734800e+02
   1.2410597e+02
   1.1728962e+02
  -1.1074354e+00
   3.6716210e+01
   2.2126554e+02
  -4.2645251e+00
  -6.5615360e+01
  -7.9762360e+00
  -1.7619091e+01
   2.3698208e+02
  -2.0659965e+01
   8.5794236e+00
  -4.2789758e+01
   1.8901690e+02
   8.1947808e+01
   1.6691638e+02
   1.4777855e+02
   2.6651419e+00
   1.8656125e+02
   7.8858585e+01
   1.8457164e+02
   3.8600523e+01
   3.5752303e+01
  -7.9471681e+01
  -4.1367556e+01
  -4.9636949e+01
   8.3747228e+01
   2.5938636e+02
   2.4332444e+02
  -8.5852167e+00
   2.2807156e+02
   4.8998982e+01
  -5.7791053e+01
   9.2545807e+01
  -1.3786342e+01
   1.8347695e+01
  -3.4788408e+00
   1.8898535e+02
  -8.7345104e+01
   4.0897399e-01
   8.9503298e+01
   5.7357966e+01
   1.4947646e+02
  -7.1471200e+01
  -1.9419028e+01
   9.8976034e+01
   2.4071883e+00
   2.6770259e+02
   1.8222559e+02
   1.7713759e+02
   2.8248309e+01
   1.0483763e+02
   8.2205010e+01
  -1.0648078e+01
  -1.1962864e+01
   1.9566068e+02
   1.3975715e+02
   9.6055070e+01
   1.1129604e+02
  -3.6847342e-01
   1.8524537e+02
   1.7633117e+02
  -4.4220827e+01
  -8.2925264e+00
  -1.9567368e+00
   1.5624911e+02
   1.0898948e+00
   1.7902190e+02
   1.8195400e+02
   9.9761087e+01
   3.8910483e+01
  -2.1378342e+01
   9.0579208e+01
   1.1677951e+02
   8.5699028e+01
   1.0273222e+02
   4.4458554e+00
   5.1023063e+01
  -1.5871074e+01
   2.5575083e+01
   2.1283150e+01
   7.2515377e+00
   1.8860149e+02
  -8.8308997e+01
   2.2627475e+01
   2.6063640e+02
   2.6283537e+02
   1.4799302e+02
   9.2492270e+01
   2.2612765e+02
   1.8167298e+02
  -6.2600672e+01
   2.5718163e+02
  -4.2151616e+01
   1.2490078e+02
   4.6314340e+01
   7.6450386e+00
   2.7007667e+01
   5.3326562e+01
   1.7510623e+02
   1.0560700e+02
   1.9912192e+02
   1.9377173e+02
   2.3138454e+02
  -7.1450042e+01
   9.1362919e+01
   1.0379868e+02
   1.6430010e+02
  -8.6800919e+01
   9.1841479e+01
   1.2884836e+02
   7.3222921e+01
  -8.4877231e+01
   2.4568834e+01
   8.2849734e+00
   5.4689358e+01
  -4.3410342e+00
  -7.2032635e+00
   1.7346462e+02
   1.8410197e+02
   1.8712204e+02
   1.5603628e+02
   4.1219556e+01
   8.8010035e+01
  -3.9665913e+00
  -1.3113942e+01
   2.5741648e+02
  -2.0641230e+01
  -4.6594088e+01
   1.4462388e+02
   2.6582124e+02
   2.2346543e+01
  -6.4700084e+01
   5.7908851e+00
   1.4398511e+02
   2.1560336e+02
  -5.3521297e+01
   8.2780359e+01
  -6.0636574e+01
   3.3249621e+01
  -1.3813094e+01
  -5.7165928e+01
   1.4050169e+02
   2.4951271e+02
  -2.5334981e+01
   9.4218918e-01
  -1.5471161e+01
   1.3177942e+02
   2.3106554e+02
   1.6790827e+02
   3.3501774e+00
   2.2147939e+02
   2.1176956e+02
   1.8191049e+02
  -8.2955735e+01
   2.6437723e+02
   2.9247321e+01
  -6.9748775e+01
   1.7425751e+02
   2.6898937e+02
   1.5215239e+02
  -4.2909436e+00
   1.7860798e+02
   1.6376690e+02
   1.5319277e+02
   8.0976484e+01
   2.6557389e+02
  -7.0169965e+01
   2.1257312e+02
   1.8104071e+02
   1.8002383e+02
   1.2595499e+02
  -8.5525336e+01
   2.6796190e+02
   1.7976814e+02
   5.9635014e+01
   1.0603135e+01
   2.5741566e+02
  -5.8415802e+01
  -7.3116335e+01
   8.6942767e+01
   5.4950673e+01
   1.3234500e+02
   1.8860891e+02
   1.8257803e+02
   2.5866184e+02
  -4.4520276e+01
  -6.7874572e+00
   4.3705639e+01
   6.6294430e+00
   8.5201474e+00
   1.6463220e+02
   9.3531842e+01
  -4.3516108e+01
   4.8955200e+01
   1.8771521e+02
   2.6512709e+02
   2.2980139e+02
   5.6312054e-01
   1.9095546e+02
   2.2749585e+01
   1.6808082e+02
   2.1766270e+02
   1.9553563e+02
   1.3454637e+02
   1.0876277e+02
  -4.8846718e+00
  -4.5974996e+00
   2.0082946e+01
  -2.3751831e+01
   8.1754307e+01
  -9.4893750e+00
   7.0795873e+01
  -3.2062821e+01
   2.3056533e+02
   2.6054847e+02
   1.8941450e+02
   1.7041861e+02
   2.2659978e+02
   1.9818094e+02
  -5.9973378e+01
  -3.1321472e+01
   9.6741068e+01
   1.7474899e+01
  -8.0577986e+01
   1.7970527e+02
   2.6068692e+01
  -1.6309186e+01
   1.4690968e+02
   9.9863527e+01
   4.3689876e+01
  -7.7791657e+01
   1.0343213e+02
  -3.3276768e+01
   1.2739704e+02
   1.1851442e+02
  -6.3004913e+01
   1.0452649e+02
   2.0496623e+01
   1.0595502e+02
   2.5423412e+02
   1.3712111e+02
   2.5888431e+02
   1.7901889e+02
   2.5203387e+02
   2.6345480e+02
  -7.8970218e+01
   1.2603907e+02
  -2.6707340e+00
  -7.2737535e+01
  -3.4066899e+00
  -8.6351426e+01
   9.3580514e+01
   1.9468222e+02
  -9.4579374e+00
  -8.7618331e+00
   9.8734065e+01
   7.1922109e+01
   3.8974459e+01
   1.7735445e+02
   8.7915182e+01
   6.5259097e+01
   2.6847442e+02
   1.7493959e+02
   1.0007375e+02
   1.6546746e+02
   7.9251343e+01
   1.2849068e+02
   8.8429522e+01
   2.5977843e+02
   1.9586426e+02
  -1.5574301e+01
   2.4906558e+02
  -5.4636045e+01
   1.4630107e+02
  -2.8795887e+01
  -2.3947872e+00
   2.4880725e+02
   9.9088518e+01
   1.0611324e+01
   7.7787514e-01
  -5.5986932e+01
   1.5492557e+02
   1.7078917e+02
   1.8268345e+02
  -8.5083982e+01
   2.4517962e+02
  -4.9161874e+01
   1.1622206e+02
   2.5336383e+02
  -8.3642120e+01
   1.6666742e+02
   2.3786490e+02
   1.3965212e+02
   1.9349964e+01
   9.2399207e+01
   2.5996361e+02
   4.6163518e+01
   1.3944709e+02
   1.9829526e+02
   2.2656938e+02
   2.5444371e+02
  -5.5407723e+01
   2.1809895e+01
   1.2759307e+02
   8.7243687e+00
  -6.3704387e+01
  -1.7624044e+01
  -3.7714252e+01
  -8.0224986e+01
   8.6372298e+01
   2.7185761e+01
   6.5963836e+00
   1.6624923e+02
  -1.4746383e+01
  -8.0108548e+01
  -8.7996107e+01
   2.6469677e+02
   5.5569921e+00
   1.0876493e+02
   1.7576179e+02
  -8.7140887e+01
  -2.6044151e+01
   1.1012760e+02
   1.4928276e+02
   1.8538301e+02
   1.0575534e+02
   2.2609384e+02
  -6.0821982e+01
  -8.0212731e+01
   1.4658713e+02
  -2.8577843e+01
   1.3013287e+02
   1.8316444e+02
   1.4789715e+02
   8.5110643e+01
   1.2141458e+02
   1.8137334e+02
   1.3314655e+02
   2.3043860e+01
   1.6641925e+02
   1.5262548e+02
   3.8950679e+01
   2.4810595e+02
   2.2457186e+01
   2.6023209e+02
  -4.8409019e+01
   2.3234251e+02
   2.1402162e+02
   1.7765098e+02
   9.4312962e+01
  -4.6232077e+01
  -3.5230339e+01
   1.8083428e+02
  -2.6375866e+01
   1.2468425e+02
   7.5368946e+01
   1.9094159e+02
   1.7117444e+02
   1.6557828e+02
   1.0275577e+02
   1.8644580e+02
   5.4181395e+00
   1.1157668e+02
   8.9171836e+01
  -8.7283627e+01
   1.6714426e+02
   2.2311223e+02
  -1.0375803e+01
   2.0143671e+02
  -3.8077160e+01
   1.1691500e+02
   9.5916084e+01
   1.4993147e+01
   9.4594770e+01
   4.8154021e+01
   1.4421758e+02
   1.0697914e+02
   1.7301371e+02
   8.6175583e+01
   6.6162793e+00
   4.7848067e+01
  -3.5009416e+01
   2.6655167e+01
   2.3296682e+02
  -8.3420154e+00
   2.3316485e+01
  -5.0804598e+01
   3.5818901e+01
   4.4426579e+01
   8.1278089e+01
