   3.5417300e+02   1.1843219e+02   2.7993885e+02
   1.7203425e+01   1.0337791e+02   1.5948597e+02
   1.9431957e+01   6.6959490e+01   3.2361831e+02
   3.5522657e+02   8.7250150e+01   3.4325031e+02
   2.5379371e+02   3.5907764e+00   2.5308700e+02
   1.0000929e+02   8.8275400e+01   1.0527492e+02
   7.4224923e+00   7.5178511e+01   1.2731004e+02
   2.4533227e+02   9.5694469e+01   4.3264123e+01
   2.6239861e+02   1.0421011e+02   3.4765384e+02
   2.9256118e+02   1.6393167e+01   1.6098436e+02
   5.7114228e+00   7.8864490e+01   7.5365069e+01
   2.1550627e+02   9.3024566e+01   2.0487997e+02
   4.1050812e+01   2.5919023e+01   3.1501178e+02
   1.9418883e+02   1.0378871e+02   8.9588938e+01
   1.2498493e+02   3.6195495e+00   4.4014251e+01
   2.8664833e+02   1.4640866e+02   1.2548699e+02
   2.2242621e+02   1.1612571e+02   1.5091562e+01
   1.8093368e+02   8.8438750e+01   9.6169999e+01
   2.5276869e+01   9.6083942e+01   5.1242299e+01
   3.5663009e+02   8.9090209e+01   8.5928602e+01
   2.6092463e+02   1.0314523e+02   1.7115436e+02
   9.2739473e+01   8.0256371e+01   2.7834749e+02
   7.9750984e+01   8.9499160e+01   1.0847677e+01
   1.5548246e+02   1.6881976e+02   1.6143223e+02
   2.4940430e+01   7.9913048e+01   2.7573421e+01
   4.8962660e+01   4.0951183e+01   2.6658957e+02
   2.8400088e+02   9.3543077e+01   1.6434905e+02
   1.0949882e+02   1.6334030e+02   1.0709087e+02
   2.9138623e+01   1.6287543e+02   1.4486383e+01
   2.8270990e+02   9.1288047e+01   1.7452508e+02
   3.3263445e+01   9.7190172e+01   2.4056975e+02
   2.7961839e+02   7.4190226e+01   3.5483604e+02
   8.5632765e+01   6.0503534e+01   2.5172859e+02
   8.7713249e+01   9.3679719e+01   2.0568860e+02
   3.7735997e+01   4.3808735e+01   2.2632960e+02
   3.0900699e+02   9.3840316e+01   3.1599501e+02
   2.0207230e+02   9.1708350e+01   1.9335185e+02
   3.2126022e+02   4.0410887e+00   3.6060046e+01
   2.5135192e+02   9.0217210e+01   2.3844663e+02
   2.6414717e+02   9.1440493e+01   3.1514890e+02
   2.3419102e+02   1.2275599e+02   1.6830613e+02
   1.8585740e+02   1.4598545e+02   5.0880970e+01
   9.2789711e+01   9.8102794e+01   7.9066485e+01
   1.1749973e+02   1.4990936e+02   2.4528405e+01
   2.3823943e+02   3.9033137e+01   2.5712727e+02
   4.3641631e+01   2.5852248e+00   2.3013368e+02
   1.8278931e+02   9.8134063e+01   9.3233506e+01
   4.2323574e+01   1.2225340e+02   1.1087497e+02
   5.3214269e+01   4.3681389e+01   2.4161903e+02
   1.7174074e+02   1.5765476e+02   6.2865436e+01
   7.1152789e+00   6.4946130e+01   2.3487150e+02
   1.7053046e+02   9.0228939e+01   1.7569965e+02
   3.3012994e+02   8.9495032e+00   2.9539591e+02
   3.4714502e+02   4.1787105e+01   1.9117758e+02
   3.4933424e+02   2.8835976e+01   2.5743853e+02
   9.3162113e+01   9.1967569e+01   2.5979873e+02
   1.7274808e+01   1.6840308e+02   1.1122289e+02
   4.4589783e+01   1.3610581e+02   1.8173182e+02
   1.6826761e+02   1.0225129e+02   1.7567977e+02
   2.3640984e+02   1.6028253e+01   1.7922179e+02
   2.7290424e+02   7.5945188e+01   2.8019054e+02
   1.0446680e+02   7.3166705e+01   3.3695120e+02
   2.7163319e+02   3.7550210e+01   1.4014141e+02
   9.2357719e+01   9.0974885e+01   9.8601710e+01
   2.0092250e+02   9.2036674e+01   4.2172260e+01
   1.5400533e+02   1.6636419e+02   8.6552479e+01
   2.5306322e+02   9.3104613e+01   8.5954542e+01
   3.4352683e+02   1.7147163e+02   3.3121013e+02
   9.6189861e+01   7.5773207e+01   2.4656706e+02
   3.5587907e+02   8.7609500e+01   2.7477761e+02
   5.2500337e+01   6.4697666e+00   3.0384188e+02
   2.6145742e+02   9.8665168e+01   2.7723425e+02
   2.7134499e+02   1.2253463e+02   3.0213130e+02
   3.2341548e+02   8.6854720e+01   3.4925207e+02
   2.6223985e+02   6.3257348e+01   7.7461061e+01
   1.4645885e+02   7.7594353e+01   2.7372360e+02
   3.3779370e+02   7.9820483e+01   2.1027703e+02
   9.1953884e+01   9.7650519e+01   1.4506257e+02
   4.7208810e+00   1.0251386e+02   9.9077966e+01
   3.1546467e+02   1.6888147e+02   1.3277318e+02
   1.9193877e+02   1.2077408e+02   1.8361452e+02
   1.7893604e+02   9.5593812e+01   1.7745252e+02
   3.5976983e+02   8.6931785e+01   8.4572626e+01
   3.4371175e+02   9.8168184e+01   1.7843192e+02
   7.1804062e+01   1.6956834e+02   2.5707499e+02
   2.3144495e+02   1.6651967e+02   2.3932747e+02
   3.3442457e+02   1.7253709e+02   6.3698310e+01
   3.5294090e+02   7.9937532e+01   8.4169038e+01
   9.6389113e+01   1.6841992e+02   2.3449260e+02
   9.0030463e+01   7.7429373e+01   2.6773421e+02
   3.3396218e+02   2.3658944e+01   1.0870325e+02
   2.7397640e+02   8.5714947e+01   2.6733277e+02
   2.4689645e+01   1.4400877e+02   3.2260297e+01
   1.0778414e+02   1.5825144e+02   2.9734757e+02
   2.1297007e+02   3.9423766e+01   1.4025132e+02
   7.3187692e+01   1.2040555e+02   2.7910975e+02
   3.4825650e+02   1.7421337e+02   3.2402597e+02
   2.5814563e+02   9.3773848e+01   1.7800393e+02
   2.2891795e+02   1.6916417e+02   6.4572874e+01
   2.8741329e+02   5.0961641e+01   3.9370035e+01
   1.8061238e+02   1.3597207e+02   3.2585700e+02
   1.7920902e+02   8.0236004e+01   1.0214669e+00
   1.9531465e+02   9.1845686e+01   7.9652107e+01
   2.0515014e+02   1.2368909e+01   3.2542431e+02
   7.1946688e+01   8.8745832e+01   8.6396262e+01
   2.3429237e+02   4.0559345e+01   3.1548636e+02
   1.6882237e+02   1.7212623e+02   1.8251942e+02
   2.8654379e+02   1.4402237e+02   3.5992532e+02
   8.4014557e+01   1.0715033e+02   3.1113169e+02
   1.9290675e+02   9.3914390e+01   1.8566341e+02
   2.8190261e+02   9.1837643e+01   1.8271896e+02
   8.2581148e+01   8.2397361e+01   3.3931165e+02
   2.6770984e+02   1.6992541e+02   2.7467538e+02
   2.1630202e+02   7.9231506e+01   1.3275908e+01
   9.0645390e+01   7.3759944e+01   9.3494913e+01
   7.7155259e+01   9.8259143e+01   1.8728401e+02
   2.5664413e+02   8.3636741e+01   2.6178493e+02
   3.5604046e+02   7.2279467e+01   2.6385415e+02
   4.0486456e+01   8.0191059e+01   1.9608568e+02
   3.5109535e+00   9.2621709e+01   2.7200083e+02
   1.8567564e+02   7.0405355e+01   3.5914183e+02
   3.0795687e+02   1.7546150e+02   1.2485189e+02
   1.4130324e+02   1.7370989e+02   3.2649046e+02
   3.3771405e+02   1.7613647e+02   7.6569332e+01
   3.0162265e+02   7.2779236e+01   1.8396294e+02
   3.3148444e+02   9.7658124e+01   3.1446438e+02
   2.4663468e+02   1.1576003e+01   2.7855060e+02
   2.1435255e+02   1.6527554e+02   2.1789874e+02
   1.7936205e+02   1.3609433e+02   2.5279730e+01
   3.4377633e+02   9.0548376e+01   1.8874549e+02
   1.0444571e+02   7.1269660e+01   3.3357046e+02
   9.9940004e+01   5.9744359e+01   3.5551395e+02
   2.3490719e+02   1.2109285e+02   3.3217683e+02
   3.3022757e+02   7.2487213e+01   2.0313393e+02
   1.8354220e+02   4.4377439e+01   1.5532634e+02
   3.5070893e+02   1.4622829e+02   1.2162404e+02
   1.0115346e+02   1.6437141e+02   1.9401070e+02
   1.1274640e+02   1.7749607e+02   3.0253089e+02
   1.7012090e+02   9.2969311e+01   4.1163857e+00
   7.1020419e+01   1.9234474e+01   2.5946043e+02
   4.0026594e+01   1.5956685e+02   4.9160040e+00
   1.0704755e+02   4.7870458e+01   1.3466167e+02
   1.4271067e+02   4.7822726e+01   3.3216668e+02
   3.8027580e+00   8.1422910e+01   1.8781034e+02
   2.0657175e+02   1.7701584e+02   3.1015899e+02
   1.5147205e+02   1.5419555e+02   1.9673267e+02
   9.8657723e+01   7.6186845e+01   1.8115930e+02
   9.4030149e+01   7.7917430e+01   2.1346355e+00
   1.1213113e+02   8.4734419e+01   1.7059927e+02
   2.7285259e+02   9.8487148e+01   3.5841008e+02
   9.4923033e+01   9.4485034e+01   1.8642404e+02
   2.4978354e+02   2.7583164e+01   1.7875343e+02
   3.3073860e+01   1.1091937e+02   1.1122959e+02
   1.4475190e+02   5.2198074e+01   3.4230152e+02
   1.0626509e+02   7.8299402e+01   3.5351758e+02
   1.1033884e+02   5.4602829e+01   1.8488272e+02
   3.8002007e+01   5.3246749e+01   3.5733233e+02
   3.5556203e+02   8.4591330e+01   8.0565459e+01
   1.7629235e+02   8.3455501e+01   9.5780131e+01
   6.2846960e-01   7.9115889e+01   3.5979626e+02
   2.1377794e+02   1.5427272e+02   1.6410373e+02
   4.6429481e+00   8.3925768e+01   1.6095130e+02
   1.7673739e+02   9.6109422e+01   1.6888452e+02
   1.7300828e+02   1.0076622e+02   9.7824633e+01
   1.0178191e+02   1.1569642e+02   1.5337472e+02
   5.5879784e+01   7.2126669e+01   7.6757320e+01
   2.3712033e-01   9.1185495e+01   6.9569813e+01
   1.0209435e+02   1.8967257e+01   2.9979153e+02
   1.9829191e+02   6.0199613e+01   2.6158936e+02
   3.1352479e+02   8.2201924e+01   1.9070845e+02
   1.8205611e+02   7.0965581e+01   9.9298713e+01
   3.5664545e+02   9.8489822e+01   1.6246364e+02
   1.5211233e+01   1.1370775e+02   2.9846907e+02
   3.5609781e+02   1.0714895e+02   1.7451056e+02
   3.2569991e+02   1.1919480e+02   1.8427480e+02
   7.7090971e+01   1.0505727e+01   2.8315815e+02
   3.1252340e+02   7.7069990e+00   3.0575176e+02
   1.8432260e+02   9.2006594e+01   1.7107920e+02
   1.9686147e+02   9.2094025e+01   9.0063259e+01
   4.7150671e+01   3.9364420e+01   1.9870626e+02
   2.3870499e+02   1.5282656e+02   1.5713407e+02
   3.0014242e+02   9.6107733e+01   7.6782562e+01
   2.8816861e+02   5.0804051e+01   2.1161543e+02
   7.8241610e+01   9.1965015e+01   1.8369225e+02
   1.5505704e+02   1.6424990e+02   2.5017349e+02
   3.3043683e+02   1.4344884e+02   5.1394761e+01
   1.8394095e+02   9.2498997e+01   1.7789087e+02
   4.9429317e+01   4.4012609e+01   1.8800470e+01
   2.6930077e+02   8.4241602e+01   1.8252169e+02
   2.7331437e+02   1.0265942e+02   6.9234012e+00
   9.8721099e+01   2.1226181e+01   2.7600534e+02
   1.8170363e+02   1.6086380e+02   2.4599085e+02
   1.4578505e+02   3.7030706e+01   2.1908141e+02
   6.2485978e+01   3.6882214e+01   7.9076137e+01
   1.1943334e+02   1.7303081e+02   3.0732018e+02
   2.0706610e+02   8.7236584e+01   1.4626078e+02
   2.1823846e+02   1.3942903e+02   2.2676686e+02
   7.7200467e+01   1.3012159e+02   1.9991074e+02
   2.6678518e+02   8.5063558e+01   9.5266739e+01
   1.9769104e+02   1.7632625e+02   1.0582769e+02
   1.2353006e+01   1.0830257e+02   2.6467055e+02
   1.8717561e+02   6.5655934e+01   4.5928462e+01
   3.5610689e+02   4.8492390e+01   6.0911399e+01
   9.4653023e+01   9.8129053e+01   8.0260901e+01
   1.7636946e+02   1.5848668e+02   3.5979052e-01
   2.8160611e+02   8.8807389e+01   8.8005038e+01
   2.5015436e+02   5.8957255e+01   1.5053849e+02
   1.4811186e+02   2.3904186e+01   1.7585484e+02
   1.2519626e+01   1.0831608e+02   5.7552784e+01
   1.7294026e+02   9.7477231e+01   9.0261786e+01
   1.0541936e+02   7.3949326e+01   2.4006189e+02
   8.1646989e+00   8.6818390e+01   2.7416492e+02
   1.6527184e+02   1.7089666e+02   6.9387102e+01
   2.8851903e+02   1.0829975e+02   6.4513329e+00
   1.8887056e+02   9.0376080e+01   1.8389055e+02
   1.2474072e+02   1.2454527e+02   4.3083128e+01
   2.9993740e+01   5.5082157e+01   3.4276511e+02
   1.8399829e+02   6.3501146e+01   3.5130743e+02
   1.4220101e+02   1.4472059e+01   2.1414359e+02
   1.3206003e+02   1.1625214e+02   1.1129234e+01
   2.6621262e+02   8.0510732e+01   1.7779746e+02
   1.8890646e+02   9.9090157e+01   3.1057997e+02
   5.2599536e+00   8.5115431e+01   2.6036541e+02
   2.8962752e+02   1.4467274e+02   8.7435420e+01
   2.9408802e+02   1.6216554e+02   3.0033726e+02
   1.8802797e+02   7.6923469e+01   1.0278464e+02
   6.8209733e+01   9.1014669e+01   2.9289283e+02
   3.4466033e+02   1.9226046e+01   2.8196406e+01
   3.3051570e+02   3.2428134e+00   2.1117358e+02
   2.6329136e+02   7.7235346e+01   8.7433478e+00
   4.4529644e+01   1.1632523e+02   2.2643032e+02
   4.8520633e-02   8.4755334e+01   1.0386927e+01
   3.5882380e+02   9.1365184e+01   1.7580842e+02
   8.0504610e+01   8.7536742e+01   1.6445794e+02
   2.9555873e+02   1.0869230e+02   8.0575148e-01
   2.2964314e+02   1.1516970e+02   1.3670062e+02
   1.0135961e+02   8.5182239e+01   1.9315366e+02
   5.8031287e+00   1.3116225e+02   3.2558605e+02
   3.2254367e+02   1.0162313e+02   2.4492660e+02
   1.8971623e+02   7.9889817e+01   9.5724597e+01
   3.5711241e+02   8.7047247e+01   2.6631461e+02
   1.6747433e+02   8.4529789e+01   1.7525264e+02
   7.6422924e+01   8.2838218e+01   7.4528046e+00
   2.8251403e+02   8.9206468e+01   7.5059898e+01
   1.9198639e+02   9.7407175e+01   9.4542189e+01
   1.8553502e+02   6.6715368e+01   1.3637633e+02
   1.7871259e+02   1.4906920e+01   9.0980434e+01
   1.9602790e+02   1.2634508e+02   2.2750370e+02
   2.1831919e+02   7.0570120e+01   8.7577028e+01
   1.3091387e+01   1.6421296e+02   2.9545855e+02
   1.0108195e+02   9.0003586e+01   2.7851965e+02
   1.1041471e+02   1.6723721e+02   1.2767637e+02
   3.4970600e+02   9.4376408e+01   2.7159809e+02
   1.8130650e+02   2.7921560e+01   3.5540700e+02
   2.7683478e+02   8.6216065e+01   8.0724272e+01
   2.7375704e+02   9.6538327e+01   2.0570871e+02
   3.0792487e+02   9.7666657e+01   3.5342236e+02
   1.3795464e+02   8.0240598e+00   3.0878240e+02
   1.1904065e+01   1.0165187e+02   6.5328489e+00
   1.3783264e+02   1.3050551e+02   3.0588553e+02
   2.6505371e+02   8.5417132e+01   1.9221730e+02
   6.5901017e+01   9.7744444e+00   2.1107426e+02
   9.1785516e+01   7.6090492e+01   7.1658780e+01
   3.0473708e+01   1.2784993e+02   1.0203991e+02
   1.0390849e+01   9.6177287e+01   2.6556635e+02
   2.6419439e+02   7.6535511e+01   2.4568476e+02
   3.5681389e+02   8.5836618e+01   9.7334222e+00
   2.5537409e+02   8.4072304e+01   2.7889761e+02
   1.1951616e+02   1.1751487e+02   1.2892483e+02
   3.0230983e+02   8.3145071e+01   3.5529364e+02
   1.3382039e+02   2.7180990e+01   3.0235066e+01
   2.9815750e+02   6.4599484e+01   9.0110119e+01
   2.7189554e+02   9.3085938e+01   1.8697265e+02
   2.6632317e+02   8.8227267e+01   3.5937293e+02
   4.6823791e-02   8.9591265e+01   8.2380772e+01
   2.1765411e+02   1.6720291e+02   1.2588260e+02
   3.4352381e+02   9.1471658e+01   6.9794859e-01
   6.3546706e+01   6.8995620e+01   2.9208478e+02
   2.6416534e+02   8.9803540e+01   8.2678125e+01
   1.3964000e+02   1.7382846e+01   1.3086290e+02
   4.6627150e+01   2.3254361e+01   3.0392317e+01
   3.1675809e+02   5.6587105e+01   1.9125143e+02
   1.5868486e+01   7.7557840e+01   2.8822427e+02
   2.6628094e+02   8.7317627e+01   3.5885390e+02
   2.4721921e+02   2.6362224e+01   2.6597637e+02
   2.6415825e+02   1.5172895e+02   5.0998673e+01
   1.5738208e+02   1.1755341e+02   1.5764193e+02
   1.3674201e+02   1.3254791e+01   1.2613693e+02
   1.7168053e+02   9.7470829e+01   2.6790577e+02
   8.7746864e+01   7.9166235e+01   3.5685901e+02
   1.6479539e+01   9.8860238e+01   4.1075928e+00
   3.4305058e+02   1.6822465e+02   1.4504528e+02
   8.3227525e+01   9.4160587e+01   1.4817681e+01
   9.1974852e+01   8.5172767e+01   1.7468302e+02
   3.5267668e+02   5.7015409e+01   1.7225910e+02
   1.8203429e+02   8.8118708e+01   1.7442743e+02
   2.7633455e+02   1.7506231e+02   2.8514693e+02
   5.8764005e+01   6.4115333e+00   3.0852854e+02
   1.0185402e+01   1.6445200e+02   2.0477009e+00
   1.4363763e+02   9.2825334e+01   2.1146522e+02
   1.5784000e+02   1.6861675e+02   3.4133986e+02
   1.8537396e+02   9.3667791e+01   1.7501723e+02
   2.0086294e+02   1.6585470e+02   2.9381741e+02
   2.5088350e+02   1.7738503e+02   3.3937487e+02
   1.5846729e+02   6.8789273e+01   5.2490050e+01
   5.6450840e+01   9.9562913e+01   3.2591902e+02
   1.1737234e+02   1.0386893e+02   2.3046993e+02
   1.1306229e+02   1.2499180e+02   5.8658246e+01
   3.2202024e+02   1.0353999e+02   2.0372781e+02
   8.8928705e+01   1.6016345e+02   3.3538181e+02
   1.5550203e+01   1.0317894e+02   2.7899485e+02
   2.9823532e+02   1.4771060e+01   1.4612062e+02
   1.1184445e+02   9.3173395e+01   2.8191668e+02
   2.6846747e+02   1.0266194e+02   2.6833379e+02
   1.4719281e+02   1.0946644e+02   2.4684737e+02
   3.2060628e+02   1.7348627e+02   2.9861607e+02
   1.9600416e+02   9.6518723e+00   1.6303706e+02
   3.1702663e+02   1.6853680e+02   3.2117410e+02
   2.5488392e+02   1.7882244e+01   1.6783894e+02
   5.1709534e+01   8.3633546e+01   9.3714514e+01
   1.7681055e+02   9.1622506e+01   7.7892332e+01
   3.1367594e+02   4.6163147e+01   2.0493654e+02
   2.6782300e+02   9.7604516e+01   9.0609247e+01
   9.3649897e+01   8.7128352e+01   9.5650830e+01
   2.9936123e+01   1.0059543e+02   8.9557439e+01
   1.6622562e+02   9.4356595e+01   1.1494857e+02
   1.0940049e+01   4.9261065e+01   3.2788880e+02
   3.5830373e+02   9.2842127e+01   8.1941420e+01
   2.6906345e+02   8.4740030e+01   1.0498275e+02
   7.4995217e+01   1.6737601e+02   1.7035731e+02
   2.7115219e+02   1.0763507e+01   3.1867921e+02
   2.5201536e+02   8.7254751e+01   2.8605219e+02
   7.7224409e+01   3.1693166e+01   3.3329153e+02
   2.4476569e+02   6.1442288e+01   6.4382382e+01
   2.0062537e+02   8.2249469e+01   1.8631481e+02
   8.7508571e+00   8.8948608e+01   2.8312162e+00
   8.8962241e+00   7.5893192e+01   3.4646262e+02
   3.0624440e+02   2.0355023e+01   2.2572191e+02
   1.0307063e+02   7.8965727e+01   2.8059873e+02
   2.0108358e+02   4.9533839e+01   3.2874564e+02
   3.2463852e+02   2.3187893e+01   2.3902857e+02
   2.7884036e+02   8.3006424e+01   2.5705374e+02
   1.0141746e+02   9.1835948e+01   2.6504793e+02
   1.5102637e+02   7.2980801e+01   1.4010942e+02
   2.6620649e+02   9.0488370e+01   9.1340338e+01
   2.6723594e+02   9.9461179e+01   9.1045273e+01
   1.2892621e+02   1.0393689e+02   2.6640273e+02
   1.7603551e+02   9.2685327e+01   2.9434855e+02
   5.7079975e+01   1.6490816e+02   6.2303901e+01
   9.2146371e+01   3.4535042e+01   2.1612413e+02
   3.3450094e+02   1.6599919e+02   3.0598943e+01
   1.6803245e+02   1.3336254e+02   3.3204888e+02
   9.1442826e+01   9.3259840e+01   1.9295214e+01
   9.6880179e+01   8.7672804e+01   2.8449862e+02
   1.5523864e+02   8.5067424e+01   1.8972898e+02
   2.5291080e+02   1.5171699e+02   4.2787180e+01
   8.5746999e+01   8.5351944e+01   2.7434416e+02
   9.2720960e+01   9.2521569e+01   2.7500155e+02
   1.4483875e+02   7.1575146e+01   1.3685148e+02
   2.7318413e+02   8.0842087e+01   1.7454698e+02
   6.5462428e+01   3.8806159e+01   2.9261971e+02
   3.0825040e+02   1.4132790e+02   8.7874530e+01
   1.7837099e+02   1.6326684e+02   9.1476860e+01
   2.1031244e+02   9.7149213e+01   3.1839216e+02
   9.7946919e+01   7.0321450e+01   2.6449422e+02
   1.3448836e+02   1.1607452e+02   2.5655285e+02
   7.9810037e+01   1.3953291e+01   1.3613344e+02
   1.8708924e+02   9.2888086e+01   1.8162270e+02
   7.8837882e+01   7.7436739e+01   8.9611060e+01
   1.8800368e+02   1.1950514e+02   9.1027348e+01
   9.3021324e+01   9.8021948e+01   3.5211607e+02
   1.5603218e+02   1.3728783e+02   2.7620769e+02
   2.4137205e+02   1.7493506e+02   6.1867638e+01
   2.6686944e+02   8.4835830e+01   1.7950279e+01
   2.5361868e+01   4.9034243e+01   2.4670388e+02
   1.5014055e+02   1.6045065e+02   1.3815786e+02
   4.7945640e+00   1.0013133e+02   2.6674852e+02
   2.6161943e+01   1.1523402e+01   2.5559497e+02
   3.7009262e+00   8.6058943e+01   8.3991871e+01
   3.0504004e+02   4.7622485e+01   2.2330012e+02
   2.4475688e+02   4.8187331e+01   2.6880647e+02
   4.9194548e+01   1.2633953e+02   3.5181203e+02
   3.5155174e+02   7.3709450e+01   1.7918654e+02
   3.0902479e+02   8.4903388e+01   1.3820886e+02
   7.1940285e+01   4.1419544e+01   9.3674017e+01
   2.0836778e+02   1.7046094e+02   1.9830583e+02
   2.1864237e+02   1.3928818e+02   3.1588903e+02
   1.9549619e+02   4.4544853e+01   2.9019455e+02
   8.0520068e+01   9.9793993e+01   1.8454656e+02
   5.8436889e+01   3.6912654e+01   1.6600359e+02
   2.0351045e+00   1.2435160e+02   3.2746208e+01
   2.1936462e+02   5.5307291e+00   4.4843699e+01
   1.7825531e+02   7.9786514e+01   8.8856029e+01
   2.7773465e+02   1.4778373e+02   2.0313678e+02
   2.7532352e+02   9.2956036e+01   6.7457840e+01
   1.5158497e+02   4.7928695e+01   1.9140825e+02
   2.0452745e+01   9.3509440e+01   1.2781200e+02
   1.8353045e+02   1.0183576e+02   1.6720733e+02
   2.1086892e+02   9.9930887e+01   1.1332206e+02
   1.7083580e+02   7.9222994e+01   8.3617011e+01
   6.2695888e+01   8.9685300e+01   2.6162693e+02
   2.6854974e+02   1.0075930e+02   3.4310387e+02
   2.6229984e+02   1.3851421e+02   1.8567823e+02
   3.2122378e+02   1.0518893e+01   3.8995798e+01
   1.6935697e+02   1.7214006e+02   3.5840537e+02
   1.9234478e+02   1.3734351e+02   2.8463216e+02
   3.1126805e+02   1.6190664e+02   3.0565961e+02
   9.1103144e+01   4.2187534e+01   7.3617329e+01
   3.3014043e+02   7.8117790e+01   2.4411819e+02
   2.7295003e+02   1.1799513e+02   1.8894795e+01
   3.1933106e+02   4.3146697e+01   2.8842205e+02
   2.4767342e+01   1.5210189e+02   2.4428471e+02
   6.6070150e+01   9.4846827e+01   3.4056322e+02
   8.9163936e+01   9.7275571e+01   1.0807129e+02
   2.6534616e+02   6.3613809e+01   3.2960931e+01
   2.5081735e+02   1.0878402e+02   3.2703781e+02
   1.9240731e+02   9.4981946e+01   3.9714780e-01
   9.5747927e+01   9.2492157e+01   2.7038941e+02
   2.7971745e+02   1.0139433e+02   1.8358309e+02
   1.8068523e+02   8.6906846e+01   2.2136528e+02
   1.5317886e+02   3.7957107e+01   1.1378563e+02
   2.2004537e+02   5.6170643e+01   2.7895493e+01
   1.1651783e+01   8.8033150e+01   8.6553764e+01
   1.4442860e+01   7.2019571e+01   7.5811567e+00
   3.0807788e+02   1.4945889e+02   3.0622106e+02
   2.4148696e+02   1.1625909e+02   5.2029687e+01
   1.7144130e+02   6.8293846e+01   3.4670884e+00
   1.8849314e+02   1.0396094e+02   1.3337489e+02
   8.8534596e+01   9.0161197e+01   3.5173369e+02
   3.5504134e+02   8.8823150e+01   1.2797736e+01
   1.0757355e+02   4.3168481e+01   2.2406092e+02
   9.3268724e+01   8.1249618e+01   1.0122438e+02
   2.5342887e+02   9.9211497e+01   3.5911868e+02
   1.3737992e+02   1.2134869e+02   1.8624389e+02
   2.7210637e+02   8.9739532e+01   1.7159768e+02
   8.0103579e+01   8.4840670e+01   1.9061561e+02
   2.7138909e+02   3.4392834e+00   1.0066780e+02
   3.5161835e+02   8.5448187e+01   1.8307775e+02
   8.3218708e+01   9.1822037e+01   3.5871388e+02
   2.0436660e+02   7.8737223e+01   3.5658404e+02
   4.6414115e+00   1.0490126e+02   1.7900684e+02
   1.7388051e+02   8.6081154e+01   2.7825577e+02
   8.9193663e+01   8.8567965e+01   2.7359463e+02
   3.4227402e+02   7.9155481e+01   1.8957946e+02
   3.3590024e+02   1.6959039e+02   2.5135673e+02
   2.6266118e+02   8.6282625e+01   2.8194025e+02
   2.3341759e+02   1.5073592e+01   1.2115964e+02
   2.3181943e+01   1.2086850e+01   1.6858285e+02
   3.1962994e+02   9.2360749e+01   8.1552407e+01
   3.0346174e+02   3.7146416e+01   1.4328187e+02
   1.7751355e+02   9.4835057e+01   1.8728997e+02
   3.2356748e+02   2.9608867e+01   2.5076473e+02
   1.6910296e+02   1.7853577e+02   2.5740812e+02
   3.4598122e+02   7.8452668e+01   3.5745507e+02
   1.7277095e+02   8.8108843e+01   1.8478347e+02
   3.9926554e+01   9.3040701e+00   3.0430329e+02
   3.3804111e+02   5.0522610e+01   2.3270673e+01
   1.7946653e+02   9.0160835e+01   3.5743592e+02
   2.9355666e+02   6.5303098e+01   2.6915817e+02
   4.8881836e-01   6.0893065e+01   1.5134416e+02
   1.5541073e+02   3.5861578e+00   1.2223565e+02
   3.6851096e+00   8.0674997e+01   1.8968104e+02
   1.8486401e+02   9.6886420e+01   1.8500472e+02
   1.3560796e+02   1.6948124e+02   2.3330914e+02
   1.1126511e+00   3.6925289e+01   2.9207427e+02
   8.9448407e+01   9.2907059e+01   1.8776863e+02
   8.4757912e+01   7.6397805e+01   1.7622536e+02
   3.1488774e+01   1.5040295e+02   1.3665790e+02
   9.3861846e+01   1.0915820e+02   1.1486442e+02
   8.2075214e+00   1.7244968e+02   3.5497838e+02
   3.4157142e+02   8.0262931e+01   9.9641144e+01
   1.1480164e+02   1.7468562e+02   3.5220124e+01
   1.8231146e+02   8.5233983e+01   1.8316012e+02
   1.5267053e+02   4.8989965e+01   2.5854513e+02
   2.5309893e+02   8.6033786e+01   9.6573876e+01
   1.2278339e+02   8.9147937e+01   1.4874601e+02
   5.4518325e+01   1.6889811e+02   2.2595847e+02
   1.9488742e+02   1.0552597e+02   3.5506885e+01
   3.5618951e+02   8.4455104e+01   8.3714896e+01
   3.4918745e+02   9.0677940e+01   2.1803705e+01
   3.3342087e+02   1.2314232e+02   2.6444129e+02
   2.7393536e+02   9.1650432e+01   2.9423055e+00
   1.8178263e+02   8.1955654e+01   3.5601785e+02
   1.0745980e+02   8.6005345e+01   2.2943026e+02
   1.2171053e+02   1.1489965e+02   2.6583076e+01
   3.0941284e+02   1.4968441e+02   4.3382940e+01
   1.2257219e+02   1.4610475e+02   3.5337464e+02
   4.9723345e+01   1.4969154e+02   1.7884779e+02
   8.7398052e+01   1.7377771e+02   2.7784555e+02
   1.9588466e+02   9.1581424e+01   1.8976516e+02
   1.8280762e+02   1.0039114e+02   8.0689156e+00
   1.8827465e+02   8.1084864e+01   3.5459638e+02
   3.0839633e+02   1.3887158e+02   1.9379358e+01
   2.6510718e+02   8.1792884e+01   3.5189532e+02
   8.9793588e+01   9.0077813e+01   9.2371408e+01
   1.7277442e+02   9.0603723e+01   9.1723253e+01
   8.8033316e+01   9.4087033e+01   3.5976446e+02
   2.7698720e+02   9.7550621e+01   3.5878460e+02
   2.0570251e+02   1.4324457e+01   3.3235801e+02
   1.8019568e+02   8.5662602e+01   9.3402085e+01
