   2.7832123e+02   9.7992577e+01   3.6676351e+01
   1.1048350e+01   1.2871044e+02   9.4171123e+01
   1.8189574e+02   1.3824744e+02   8.7474561e+01
   2.4610734e+02   5.1519073e+01   3.4368246e+02
   2.7369208e+02   1.4229744e+02   8.7023073e+00
   3.4888556e+02   5.0103378e+01   2.1691900e+01
   1.1099358e+01   1.1957356e+02   2.1288400e+02
   2.2324815e+02   5.2374061e+01   3.1837503e+02
   3.5228432e+02   1.2328437e+02   2.7423227e+02
   9.9223661e+01   9.6647439e+01   4.4836873e+01
   1.8602789e+02   1.1298627e+02   2.0948522e+02
   2.0555477e+02   6.6164889e+01   2.5787409e+02
   9.7350572e+01   8.5154310e+01   3.1957384e+02
   3.3807899e+02   1.3856209e+02   2.5966834e+02
   2.0877649e+02   6.9028682e+01   2.5796813e+02
   7.5588187e+01   1.1593221e+02   1.3649348e+02
   2.9772552e+02   1.2759980e+02   5.5536365e+01
   1.1460869e+02   1.1744862e+02   5.6700667e+01
   1.0075204e+02   8.4834073e+01   5.8694005e+01
   1.5930547e+02   1.3294484e+02   1.6652205e+02
   6.6204835e+01   1.1858580e+02   1.2605892e+01
   9.5154644e+01   1.4025539e+02   2.6153790e+02
   2.6401860e+01   8.4500523e+01   2.7067415e+02
   2.6982889e+02   7.1330268e+01   1.6221240e+02
   6.4549530e+00   5.6558449e+01   1.7638067e+02
   2.7828288e+02   1.0210828e+02   3.8080948e+01
   1.4073511e+02   9.6734722e+01   1.0327067e+02
   2.6746957e+02   8.7096112e+01   3.0185032e+02
   2.0471674e+02   5.9732870e+01   2.5577874e+02
   1.8215649e+02   1.3803566e+02   5.8276870e+00
   7.7868548e+01   7.5135544e+01   2.3393809e+02
   2.2438296e+02   9.1243292e+01   5.1238220e+01
   9.8656934e+01   8.1453152e+01   3.1077130e+02
   5.2608685e+01   2.5230659e+01   1.7773360e+02
   3.5328069e+02   1.2828615e+02   2.6289310e+02
   2.6184874e+02   9.6470301e+01   3.0271820e+02
   1.3398527e+02   1.2719005e+02   1.3143956e+02
   5.0622819e+00   1.4479550e+02   8.9295236e+01
   5.3137281e+01   4.7601718e+01   2.8111557e+02
   1.9591343e+02   5.5121459e+01   9.5268047e+01
   3.3014135e+02   3.4640725e+01   2.8169741e+02
   1.2813455e+02   1.1370425e+02   5.0192617e+01
   1.7355050e+02   7.3373511e+01   2.6870771e+02
   2.0388916e+02   9.2217966e+01   2.2341714e+02
   1.6774010e+02   1.2525651e+02   9.9721243e+01
   1.7379654e+02   4.9132818e+01   1.8862767e+02
   2.7809137e+02   8.8955142e+01   3.1336251e+02
   9.2308965e+01   9.9873216e+01   3.2982294e+01
   7.3752947e+00   1.3596528e+02   1.9347038e+02
   7.2051144e+00   4.4046290e+01   2.7045174e+02
   2.0514395e+02   1.5133885e+02   3.2679188e+02
   2.8846424e+02   9.1920099e+01   2.5843577e+02
   2.9420466e+02   7.3964434e+01   4.2319147e+01
   1.8218187e+02   1.0327940e+02   3.1344327e+02
   2.1059166e+02   4.1931266e+01   5.8736520e+01
   1.8111624e+02   1.1842558e+02   2.3744791e+01
   3.0320085e+00   3.8444308e+01   7.9593880e+01
   2.6798397e+02   8.8460814e+01   2.1736150e+02
   2.0190934e+01   3.6153350e+01   2.6839503e+02
   1.0249099e+02   8.1975601e+01   1.4953786e+02
   2.5420169e+02   7.7548953e+01   4.8486075e-01
   3.4724922e+02   1.2866657e+02   1.6931305e+02
   1.9311633e+02   9.9564238e+01   1.1039984e+02
   1.7543393e+02   5.2748197e+01   9.9049523e+00
   3.2637602e+02   1.0575503e+02   1.4267532e+02
   3.4173163e+02   2.8677097e+01   2.9580021e+02
   3.4166581e+02   1.5413722e+02   1.0293038e+02
   2.1552401e+02   8.9448291e+01   2.3365959e+02
   1.6020367e+00   1.3240853e+02   4.9438586e+00
   3.3427148e+02   3.6322297e+01   1.9107315e+02
   2.6151807e+02   7.6069340e+01   9.3683043e+01
   1.5382182e+02   2.6697279e+01   3.5497574e+02
   3.1309581e+00   6.0464728e+01   2.4224746e+02
   3.9281038e+01   5.2136467e+01   3.3909211e+02
   1.9114618e+02   3.9595905e+01   2.4020939e+02
   7.7315933e+01   9.5694711e+01   2.8416824e+02
   9.6532220e+01   8.7367202e+01   2.3345967e+02
   6.5988549e+01   8.1102889e+01   2.4985700e+01
   3.4327667e+02   7.5822737e+01   8.7568412e+01
   1.8984952e+02   1.3730542e+02   9.3008370e+00
   2.6799883e+02   1.2141295e+02   1.8355368e+02
   1.6471591e+02   3.5761659e+01   1.0463801e+02
   8.8344924e+01   1.3770206e+02   3.1166188e+02
   9.6323295e+01   8.7128136e+01   3.1612176e+02
   2.7288897e+02   9.3089763e+01   1.4203676e+02
   8.5022138e+01   8.2857016e+01   2.8695027e+01
   3.5767147e+02   5.8814439e+01   1.0665486e+02
   2.7510892e+02   8.9180458e+01   1.4764567e+02
   3.7525604e+00   4.7896384e+01   1.7347455e+02
   2.7326668e+02   9.3132707e+01   1.4496244e+02
   3.8197730e+01   1.1953676e+02   3.5906060e+02
   3.5971810e+02   1.2236936e+02   2.1954003e+02
   3.5583003e+02   2.0899722e+01   2.8057614e+02
   1.8029554e+02   4.7070435e+01   8.8781932e+01
   9.3295330e+01   9.9521421e+01   1.4175767e+02
   9.5070019e+01   8.9734433e+01   3.8530965e+01
   2.0017144e+02   1.3022115e+02   1.0425109e+01
   2.3895473e+02   1.1997637e+02   8.3447278e+00
   1.6904122e+02   1.2614656e+02   3.2602824e+02
   2.4268196e+01   5.4678046e+01   2.8345551e+02
   1.8335316e+02   9.4013882e+01   1.8307863e+02
   3.5684441e+02   1.2144012e+02   2.5263372e+02
   1.9903736e+02   1.4718009e+02   2.7166195e+02
   1.1264302e+02   1.5251089e+02   2.1996238e+02
   1.8269867e+02   1.3749661e+02   2.0477936e+02
   2.7156108e+02   9.5464970e+01   4.9091268e+01
   2.5933680e+02   7.0582569e+01   2.2824125e+02
   8.7009937e+01   1.0249716e+02   3.1316749e+02
   1.3045084e+02   7.2730103e+01   1.5197495e+02
   9.6743637e+01   9.4534389e+01   2.9818388e+02
   2.6972490e+02   1.3965702e+02   8.8770574e+01
   6.5204326e+00   1.2442021e+02   2.2208958e+01
   2.8860981e+02   9.0182187e+01   7.4270459e+01
   1.8357187e+02   6.0152325e+01   2.5232237e+02
   2.8522974e+02   9.2465664e+01   3.2258366e+02
   2.1625084e+02   7.6253921e+01   1.1646523e+02
   8.6979183e+00   5.1391563e+01   1.8154511e+02
   8.6775602e+01   8.8453313e+01   6.1230252e+01
   1.0656882e+02   1.2309629e+02   1.2845821e+02
   2.4385339e+02   2.2405725e+01   1.4687998e+02
   1.4407389e+02   5.9999833e+01   1.8518541e+02
   1.7515526e+02   1.1834610e+02   8.3456608e+01
   1.9675347e+02   1.0290025e+02   3.2716605e+02
   2.3250676e+02   1.1433329e+02   4.2098762e+01
   1.7656589e+02   6.2528883e+01   1.8547089e+02
   2.6570739e+02   1.0458843e+02   3.0982367e+02
   2.6673789e+02   9.0097248e+01   1.3077495e+02
   2.4801482e+02   3.7206687e+01   6.4813274e+01
   2.3605522e+02   1.0317967e+02   1.6888133e+02
   1.6455998e+02   1.3008951e+02   1.6095130e+02
   7.5356241e+01   1.6738231e+02   1.1237105e+02
   3.4363927e+02   1.3711730e+02   3.3550486e+02
   1.7220839e+02   7.4637504e+01   3.1599240e+02
   1.0501738e+02   9.5279585e+01   2.0682463e+02
   1.6615047e+02   8.4077915e+01   3.5618593e+02
   1.7321714e+02   1.1963328e+02   6.9975648e+01
   5.3923437e+01   1.0189707e+02   2.9498676e+02
   1.9391137e+02   1.2449652e+02   2.7241208e+02
   3.5002753e+02   1.3655857e+02   8.5409085e+01
   4.1843440e+01   1.3063184e+02   2.2111549e+02
   2.4608440e+02   5.8325169e+01   8.4682108e+01
   1.7494510e+02   1.2785738e+02   1.6595670e+02
   3.4608085e+02   4.3372586e+01   1.7581295e+00
   7.9012201e+01   9.8266299e+01   1.2272073e+02
   3.0798856e+02   5.4120667e+01   2.8516097e+02
   5.2075755e+01   9.2480039e+01   1.5603530e+02
   8.8939624e+01   9.5748570e+01   4.5193298e+01
   1.5955574e+02   1.4597111e+02   4.6685343e+01
   6.2805277e+00   7.6329104e+01   2.0529001e+02
   3.2956074e+01   1.9422993e+01   4.6021346e+01
   2.4485652e+02   8.9874353e+01   7.8454100e+01
   7.5050874e-01   6.3679590e+01   8.5866870e+01
   1.9716818e+02   3.6706454e+01   3.3815846e+02
   3.3933720e+02   9.2772783e+01   1.6839233e+02
   1.6698675e+02   3.1513207e+00   1.7630549e+02
   3.4514543e+02   6.4267937e+01   6.9643477e+01
   2.6860887e+02   6.4822011e+01   1.1766278e+02
   3.5012913e+02   1.3491090e+02   1.8510319e+02
   1.7952400e+02   9.3464424e+01   4.3247589e+01
   2.8208612e+02   1.6414971e+02   2.4321046e+02
   2.8110048e+02   8.0793948e+01   4.7393579e+01
   2.4055946e+02   8.8249120e+01   3.5645748e+02
   1.3499931e+02   6.6760494e+01   2.3658733e+02
   3.5972400e+02   4.2354951e+01   2.7037948e+02
   1.9494318e+02   5.5745978e+01   8.6588991e+01
   2.4407484e+01   1.4826943e+02   8.1508123e+01
   2.3293588e+02   1.4673131e+02   2.9807783e+02
   1.5961947e+02   7.5692699e+01   1.3416267e+02
   5.4040650e+01   1.0001322e+02   2.5108796e+02
   2.6077391e+01   9.9357282e+01   2.3218307e+02
   2.7657502e+02   8.5394436e+01   9.1190425e+00
   6.4003702e+01   1.4825121e+02   1.0718425e+02
   7.7501575e+01   8.1905474e+01   3.2602479e+02
   2.8348743e+02   8.4902761e+01   3.0345453e+02
   2.0017634e+02   2.7611710e+01   2.5765160e+02
   2.0634288e+02   4.8561745e+01   2.3696274e+02
   1.8579135e+02   6.4092770e+01   1.7424662e+02
   1.7433452e+02   4.2607091e+01   2.7073681e+02
   1.9007906e+02   4.2669700e+01   3.4882527e+02
   1.7722458e+02   4.5410079e+01   3.5511520e+02
   2.2912639e+02   1.1404344e+02   1.0871511e+02
   7.9074486e+01   7.3254633e+01   2.0910215e+02
   1.6076676e+02   1.3641190e+02   1.3343457e+02
   2.5530602e+02   4.6444419e+01   6.0865901e+01
   1.7165793e+02   1.3734599e+02   2.6013720e+02
   6.5628999e+00   4.9588638e+01   1.4911201e+01
   1.7854789e+02   2.7369560e+01   1.6556179e+00
   8.5365187e+00   1.3396620e+02   1.7775989e+02
   2.0069007e+02   5.9646384e+01   3.5365463e+02
   7.5462699e+01   9.4410510e+01   5.0060113e+01
   1.8914644e+02   1.3487131e+02   9.0201263e+01
   1.9739967e+02   3.3527149e+01   2.1056199e+02
   6.7325319e+00   1.3791441e+02   2.8065435e+02
   8.2222940e+01   9.2830793e+01   2.2241784e+02
   3.5032012e+00   9.5577974e+01   2.2252794e+02
   1.6281796e+02   6.5680035e+01   1.0080712e+02
   8.1895643e+01   8.1996039e+01   3.1655700e+02
   1.2099868e+02   6.9346436e+01   3.2480502e+02
   1.2507650e+02   1.0071225e+02   1.5839110e+02
   1.5705068e+02   3.4997048e+01   8.7369447e+01
   1.3882468e+02   4.3706562e+01   1.5655570e+01
   2.2591751e+02   1.2203004e+02   4.3884089e+01
   2.5448163e+02   8.2575710e+01   1.7905609e+02
   1.7192248e+02   1.2001364e+02   7.3971795e+01
   1.7769242e+02   3.9326354e+01   9.1093600e+01
   8.6346318e+01   8.9957058e+01   2.5232635e+02
   2.4960449e+02   2.6473965e+01   1.1630757e+02
   1.8916459e+01   3.9716205e+01   1.6930725e+02
   1.3373380e+01   4.8328472e+01   1.8810905e+02
   6.8024555e+01   8.7184706e+01   3.1339523e+02
   2.6562967e+02   8.5840166e+01   1.4553158e+02
   7.0225674e+01   1.6531967e+02   4.6310497e+00
   1.6544949e+02   5.9609522e+01   9.1967758e+01
   1.0183270e+01   4.9993042e+01   2.4481773e+02
   1.7516249e+02   1.3867612e+02   1.6248890e+02
   1.5761426e+02   1.1238103e+02   2.3427936e+02
   2.3555204e+02   2.1117424e+01   6.8366753e+01
   3.5693427e+02   4.5466313e+01   9.2348039e+01
   1.8118867e+02   3.4365579e+01   7.8090311e+01
   7.0303583e+01   4.5831658e+01   1.8728905e+02
   2.7883514e+02   1.4326296e+02   3.3350383e+02
   2.3316961e+01   1.5648561e+02   1.6831223e+02
   1.0980960e+01   3.5090792e+01   3.1244093e+02
   3.5934274e+02   8.3821150e+01   1.5190006e+02
   8.9609580e+01   8.4199714e+01   2.2263399e+02
   2.4976336e+02   4.6788596e+01   3.1954190e+02
   3.4141313e+02   1.1190128e+02   1.3373765e+02
   2.8027072e+02   9.8278653e+01   3.1852361e+02
   1.8258981e+01   1.3185071e+02   2.7265321e+02
   2.1939266e+01   5.0228517e+01   7.6677816e+01
   3.1964901e+02   8.7704240e+01   4.7680728e+01
   3.3956583e+02   1.3819638e+02   1.5228032e+02
   3.4645205e+02   1.2753844e+02   1.5457298e+02
   1.8419943e+02   5.5539388e+01   2.7240038e+02
   1.0382698e+02   8.6565736e+01   2.3617544e+02
   3.6238140e+01   1.6684485e+02   1.4040047e+02
   3.2421708e+02   2.6734166e+01   3.5371223e+02
   1.9078492e+02   8.6104246e+01   3.5264711e+02
   2.9491572e+02   1.4304525e+02   1.1068615e+02
   2.7025150e+02   9.5578174e+01   3.3547530e+02
   2.0729459e+02   5.0254585e+01   2.5567340e+02
   1.8112263e+02   1.2531032e+02   1.6779145e+02
   3.3590983e+02   1.3557749e+02   2.4814610e+02
   6.0032427e+00   1.2674755e+02   1.7736428e+02
   3.1974570e+02   6.0191479e+01   2.8781672e+02
   2.9283054e+02   8.6320604e+01   3.3746684e+02
   8.0194932e+01   3.1027293e+01   2.2294101e+02
   5.4614374e+01   1.0213193e+02   1.3241193e+02
   2.7473016e+02   1.3281891e+02   1.4734705e+02
   3.4834014e+02   4.6133502e+01   2.5904674e+02
   3.2587214e+02   1.3226035e+02   2.2798183e+02
   7.0081245e+01   4.4918210e+01   2.0650541e+02
   5.4573181e+01   4.6660484e+01   2.9319495e+02
   1.6302914e+02   1.4207895e+02   7.8794395e+01
   1.6863405e+02   9.1779832e+01   5.2692410e+01
   6.2098100e+00   1.3329850e+02   1.8119878e+02
   3.2747655e+02   5.6776610e+01   9.5895868e+01
   9.2816147e+01   1.0366275e+02   4.3900759e+01
   9.6240039e+01   8.8489338e+01   5.4344042e+01
   2.5245539e+02   7.7142049e+01   3.2161944e+02
   1.5113917e+02   1.3707702e+02   1.4273492e+02
   6.8459390e+01   4.6301183e+01   1.3481357e+02
   2.4077583e+02   1.0156767e+02   3.7101700e+01
   1.3172060e+01   5.0648458e+01   3.3462455e+02
   1.6195514e+02   8.3116029e+01   2.6617492e+02
   1.7241144e+02   1.2468080e+02   1.0673667e+01
   1.0030588e+02   8.2028428e+01   1.3122001e+02
   2.8838062e+02   8.8020421e+01   1.1736603e+02
   2.1977628e+02   1.1455393e+02   2.1434647e+02
   1.5254258e+02   3.2518976e+01   3.2108078e+02
   3.4390631e+02   4.3222951e+01   1.8277760e+02
   1.6654682e+02   1.0118567e+02   1.0364346e+02
   8.5006320e+01   9.7195173e+01   1.3346467e+02
   1.6346172e+02   1.3520333e+02   7.7037385e+01
   3.3757099e+02   3.5041625e+01   2.6695127e+02
   3.2854940e+02   9.1881009e+01   1.7156344e+02
   2.1801570e+02   1.0047066e+02   1.4930904e+02
   1.5983227e+02   1.3211043e+02   3.5578972e+02
   3.5469453e+02   1.3579674e+02   1.8178917e+02
   3.1658770e+02   6.6538732e+01   2.9797007e+02
   1.8375254e+02   4.1900957e+01   2.6279012e+02
   8.1318421e+01   8.7069491e+01   2.3116565e+02
   1.7774037e+02   1.2042686e+02   1.7905789e+02
   1.7942945e+02   1.3319745e+02   8.4671058e+01
   1.1630973e+02   4.7133155e+01   1.8880124e+02
   3.5111131e+02   1.2598075e+02   8.5948411e+01
   2.7528398e+02   8.4646612e+01   2.2600409e+02
   1.6884606e+02   1.2234635e+02   3.7675510e+00
   3.5184224e+02   4.2802371e+01   1.8484899e+02
   2.7792235e+02   1.2819655e+02   1.7144818e+02
   1.7614399e+02   3.7295688e+01   2.9024626e+02
   1.2671482e+02   4.2872430e+01   3.0988319e+02
   2.7913643e+02   9.8163898e+01   1.5154132e+02
   1.1224838e+02   7.6495965e+01   4.7037599e+01
   8.3082515e+01   1.0483859e+02   4.7102276e+01
   2.9133477e+02   9.6632136e+01   4.4844791e+01
   8.8201548e+01   9.3562353e+01   2.3979478e+02
   3.4703275e+02   1.4670924e+02   2.4363030e+02
   1.8896147e+02   7.2066131e+01   4.7579918e+01
   1.3090159e+02   1.3974067e+02   2.3497676e+02
   1.8201733e+02   3.9461522e+01   2.8598894e+02
   9.3339643e+01   1.0535824e+02   4.5932494e+01
   2.3007524e+02   6.4909260e+01   3.5216170e+02
   6.9845874e+01   1.4257209e+02   2.1190829e+02
   4.7167590e+00   3.6669183e+01   1.7768834e+02
   2.6343591e+02   8.2275280e+01   1.5020410e+02
   8.1242914e-02   3.9098060e+01   1.8210828e+02
   9.4634385e+01   6.1662834e+01   3.2261525e+00
   8.5723443e+01   3.3077221e+01   3.2250328e+02
   1.8804789e+02   4.0604067e+01   3.5110288e+02
   2.9140775e+02   1.0504024e+02   3.5690998e+02
   1.7583962e+02   1.2025266e+02   3.5508272e+02
   1.5231301e+02   6.5286668e+01   3.3202074e+02
   2.2576534e+02   1.0379478e+02   6.5576380e+01
   8.8609136e+01   9.8212259e+01   3.2784853e+01
   9.2955140e+01   8.5836598e+01   1.1634946e+02
   3.5102247e+02   1.3248423e+02   3.5690620e+02
   2.5726934e+02   9.5894111e+01   5.5514895e+01
   6.4855527e+01   9.6302525e+01   2.0234772e+02
   1.1058207e+02   6.1139289e+01   4.5216470e+01
   5.4216738e+00   4.2869991e+01   2.6459048e+02
   2.3669741e+02   1.2241317e+02   1.7997991e+02
   2.7366464e+02   8.9246963e+01   4.3975010e+01
   1.1643514e+01   4.6366214e+01   1.7012977e+02
   1.0686411e+02   8.0340090e+01   3.1118719e+02
   3.5613041e+02   1.6629579e+02   1.3269478e+02
   1.6207626e+02   1.0053883e+02   3.2526745e+02
   3.3553943e+02   1.3635169e+02   7.9663315e+01
   1.2649685e+02   1.0348893e+02   2.2150933e+02
   2.1058548e+02   1.3545474e+02   2.7795661e+02
   3.1809594e+02   6.1333791e+01   2.6336558e+02
   2.9244944e+02   1.1051317e+02   3.5048022e+02
   3.4540140e+02   5.5558064e+01   8.7364054e+01
   2.4579850e+02   1.0353927e+02   2.8490745e+02
   2.6692188e+02   9.2264918e+01   3.3146012e+02
   3.5789581e+02   1.2014732e+01   1.6565717e+02
   7.9394800e+01   7.5759001e+01   2.7537265e+02
   1.1410342e+01   1.3810576e+02   1.8072349e+02
   3.3086383e+02   1.0107227e+02   3.4995710e+02
   3.2222453e+02   1.2236940e+02   9.2171214e+01
   2.7118545e+02   8.7542502e+01   2.2052498e+02
   3.2073756e+02   2.1370492e+01   3.2966624e+02
   1.9075896e+02   5.3767825e+01   1.7963323e+02
   9.2409987e+01   1.0100697e+02   1.4731745e+02
   1.0176616e+02   1.3526538e+02   1.2045235e+02
   1.1259546e+02   1.0141799e+02   6.5323161e+01
   1.8580773e+02   8.6324801e+01   1.5636176e+02
   1.4119987e+02   4.3978515e+01   3.0560379e+02
   3.3332899e+02   1.4294997e+02   2.7380641e+02
   8.7848440e+00   2.6124688e+01   2.5501759e+02
   1.9229928e+02   8.0702896e+01   3.2988905e+02
   2.4464908e+02   1.4228143e+02   1.8064321e+02
   8.3022444e+01   9.0778642e+01   2.2341556e+02
   4.0485553e+01   7.8945376e+01   1.3490035e+02
   2.1837280e+02   9.2509240e+01   2.7776816e+02
   8.0643131e+01   7.2853084e+01   3.1852917e+02
   1.0068569e+02   5.0758931e+01   6.8315054e+01
   4.1520507e+01   8.1523455e+01   1.7171800e+02
   3.1436244e+02   1.2536289e+02   2.0921765e+02
   2.4090769e+02   9.7925987e+01   3.0864859e+02
   5.1893028e+01   9.7724589e+01   2.4172413e+02
   1.6908198e+02   1.2955721e+02   2.6000489e+02
   2.8087445e+02   4.2057897e+01   6.9641316e+01
   1.4008800e+02   6.0396814e+01   3.3606537e+02
   1.8712435e+02   1.2555950e+02   2.7475660e+02
   1.1336652e+02   1.0192994e+02   2.1561554e+02
   2.0481638e+01   3.5304215e+01   3.3649606e+02
   3.1000018e+02   1.3184163e+02   2.3540231e+02
   2.8390076e+02   8.6524278e+01   4.0958046e+01
   1.8393000e+02   1.3418997e+02   2.6467688e+02
   3.2946855e+02   8.5200707e+01   1.3515434e+02
   1.7241344e+02   1.4221493e+02   2.6257528e+02
   1.7273909e+02   5.0889441e+01   8.5828953e+00
   1.7397705e+02   5.4297367e+01   1.9154665e+02
   9.8041040e+01   1.6363592e+02   1.1810533e+02
   3.5676302e+02   4.1533146e+01   2.5587498e+02
   1.7705143e+02   3.3642689e+01   1.1300130e+00
   8.1652026e+01   8.3290191e+01   3.2109921e+02
   3.0760191e+02   1.3940422e+02   1.1561004e+01
   1.8310756e+02   5.9566802e+01   8.4314639e+01
   2.3848411e+01   7.4441137e+01   1.5784142e+02
   2.6692197e+02   8.2192925e+01   1.5245716e+02
   3.9662649e+00   1.2500794e+02   1.8974253e+02
   2.2832862e+02   9.1743610e+01   2.9559902e+02
   3.1635189e+02   8.2447820e+00   2.3482743e+02
   1.8351232e+02   1.1843048e+02   8.2521641e+01
   1.7967200e+02   1.3328633e+02   2.6366568e+02
   4.2034871e+01   7.1461985e+01   3.5800957e+02
   3.3176698e+02   1.9152233e+01   2.1595417e+02
   1.8010080e+02   5.4495983e+01   3.5653250e+02
   3.1339894e+00   4.8081242e+01   2.6382076e+02
   2.1775131e+02   4.0411585e+01   1.8672174e+02
   1.3060760e+00   3.6041324e+01   3.5013947e+02
   2.6929066e+02   1.0179561e+02   3.2666701e+02
   1.9739184e+01   4.2538053e+01   3.3489527e+02
   8.3523493e+01   7.9285499e+01   3.5648455e+01
   1.6223455e+01   6.5848437e+01   2.5994143e+01
   1.2496979e+01   1.4643762e+02   2.3866292e+02
   4.5678830e+01   9.6687087e+01   1.4763941e+02
   3.1152845e+02   1.7738170e+02   9.3541465e+01
   1.8867047e+02   6.9068925e+01   2.7490659e+02
   6.2812731e+00   1.2192402e+02   9.9592577e+01
   8.8173995e+01   9.0890212e+01   4.3829779e+01
   1.6959998e+02   1.2595289e+02   9.8473302e+01
   6.7737184e+01   5.6655605e+01   3.1705632e+02
   3.5586058e+02   3.7697712e+01   2.7438858e+02
   1.5716701e+01   4.3300970e+01   1.1689240e+00
   3.0003178e+01   3.4537566e+01   1.9741002e+02
   9.9590587e+01   1.0694784e+02   1.6252679e+02
   3.5756312e+02   1.3125914e+02   1.7378511e+02
   1.8570123e+02   3.2651142e+01   2.6943093e+02
   3.6230022e+01   8.4970679e+01   3.3669436e+02
   3.2085362e+02   7.2161966e+01   3.0028835e+01
   1.8376644e+02   4.5442121e+01   3.5562009e+02
   3.1146289e+02   1.3016035e+02   1.3249487e+02
   1.0380262e+02   1.4169831e+01   1.1927458e+01
   1.8725776e+02   5.8395072e+01   1.1504792e+01
   4.3857175e+01   1.7400721e+02   1.6561643e+01
   2.6364565e+02   1.2747830e+02   2.3061239e+02
   8.6942456e+01   9.3640726e+01   1.8366713e+02
   2.6585474e+02   8.0926742e+01   1.4109052e+02
   3.5013856e+02   1.2782888e+02   1.5124923e+02
   1.7640630e+02   4.7986208e+01   7.6673470e+01
   2.4919284e+01   8.3467144e+01   2.0224725e+02
   1.0143133e+02   9.4625056e+01   4.0657564e+01
   3.5737256e+02   1.3839032e+02   1.6662121e+01
   1.2761030e+02   1.1945845e+02   1.0132170e+02
   7.9092501e+01   8.6755163e+01   1.3414052e+02
   2.7881087e+02   9.9511798e+01   3.1576134e+02
   7.0869564e+00   5.1842901e+01   3.5646778e+02
   1.5230330e+02   8.1384396e+00   2.4434220e+02
   3.5488152e+02   4.7568281e+01   2.9275669e+02
   1.7870829e+02   9.6126012e+01   2.2567077e+02
   2.6082225e+02   1.5280090e+02   2.5522024e+02
   3.3188315e+02   6.6867761e+01   2.2153199e+02
   3.4964161e+02   1.2188982e+02   2.6268932e+02
   2.0336909e+02   1.2648210e+02   1.0399863e+02
   1.8300802e+02   5.4199445e+01   2.7720501e+02
   2.4888144e+02   1.2164636e+02   1.6184583e+02
   2.8666775e+02   1.1361710e+02   2.6189525e+02
   3.0140904e+02   1.1920294e+02   3.5453313e+02
   1.8064166e+02   1.3619744e+02   7.7070454e+01
   1.6937934e+01   1.4566030e+02   1.9241138e+02
   8.3177324e+01   8.6371158e+01   3.1466950e+02
   3.0832959e+02   8.2250317e+01   2.8075739e+02
   1.4509533e+02   1.1788683e+02   3.5695007e+02
   2.0273756e+02   1.5938223e+02   2.2917138e+02
   4.5732509e+00   7.3729439e+01   9.8378506e+01
   2.8273429e+02   7.8357538e+01   2.1710875e+02
   1.9042444e+02   5.2129463e+01   7.6322026e+01
   3.1072792e+00   1.3350043e+02   1.8989204e+02
   1.8583272e+02   4.5003606e+01   7.7598888e+01
   1.7479484e+02   1.2816057e+02   2.2897453e+02
   1.1946234e+02   6.7924750e+01   3.2799089e+02
   2.0121290e+02   4.3426180e+01   2.3529450e+02
   1.8873076e+02   1.1227383e+02   2.2163123e+02
   1.7906297e+02   1.2325972e+02   7.2053707e+01
   2.8667736e+02   9.8453377e+01   3.3971936e+02
   2.4067888e+02   1.0370746e+02   9.2064255e+01
   2.7133641e+02   7.5393216e+01   2.3208999e+02
   2.9324419e+02   7.5560158e+01   7.1354123e+01
   3.3826926e+02   5.5312856e+01   1.5979323e+02
   2.1753124e+02   7.9090741e+01   3.1578181e+02
   3.5616125e+02   3.2914311e+01   3.9869459e+00
   2.6396545e+02   9.6374336e+01   6.3032225e+01
   1.5851746e+02   7.2353050e+01   1.2542045e+02
   2.6587701e+02   7.9405619e+01   2.2704973e+02
   2.6635977e+02   7.9696527e+01   3.8707924e+01
   9.1531555e+01   1.3297621e+02   2.7530477e+02
   1.4406875e+02   1.5631021e+02   3.2265963e+02
   2.8196206e+02   1.3654798e+02   6.7911444e+01
   2.5725600e+02   1.1576412e+02   2.4246809e+02
   2.6410363e+02   9.1267664e+01   1.4376509e+02
   2.6670407e+02   9.1390935e+01   3.0247440e+01
   1.5871339e+02   3.5144577e+01   2.8542117e+02
   2.3996349e+02   5.9079396e+01   1.8572033e+02
   1.7823445e+02   1.4144756e+02   9.0220933e+01
   2.7937933e+02   7.8842649e+01   3.1737461e+02
   1.6757305e+02   1.3111778e+02   8.5036420e+01
   1.3217433e+02   9.9785267e+01   3.1030682e+02
   6.4544933e+01   1.3512921e+02   1.0733578e+02
   1.5936993e+02   6.2093283e+01   1.0918689e+02
   1.7330691e+02   1.4040199e+02   1.6092965e+02
   1.7890162e+02   5.2361980e+01   2.7451827e+02
   2.9289560e+02   7.0183904e+01   7.9597581e+01
   5.4270768e+01   7.4279866e+01   5.0340258e+01
   7.4493944e+00   8.5084205e+01   3.4524422e+02
   2.9110870e+02   1.1972674e+02   2.4504583e+02
   1.2694167e+02   1.4845168e+02   2.8972595e+02
   4.7463013e+00   4.1597294e+01   3.3552218e+02
   2.7621074e+02   9.1463161e+01   3.2917806e+02
   9.1723468e+00   1.4111931e+02   8.7133202e+01
   2.0535954e+01   3.7317391e+01   2.6716465e+02
   8.8658655e+01   9.3239128e+01   1.3230298e+02
   7.9611073e+01   1.0304032e+02   1.9303423e+02
   2.5994266e+02   8.7604529e+01   5.5214991e+01
   1.8358392e+02   1.3553006e+02   1.7931654e+02
   2.8366814e+00   4.7855913e+01   9.8494576e+01
   2.6809060e+02   7.6602751e+01   2.2399131e+02
   4.7716878e-01   3.1154494e+01   1.8966499e+02
