  -3.6678767e+01   9.7992577e+01   3.6676351e+01
  -3.0395165e+02   1.2871044e+02   9.4171123e+01
  -1.3310426e+02   1.3824744e+02   8.7474561e+01
  -6.8892657e+01   5.1519073e+01   3.4368246e+02
  -4.1307920e+01   1.4229744e+02   8.7023073e+00
   3.3885562e+01   5.0103378e+01   2.1691900e+01
  -3.0390064e+02   1.1957356e+02   2.1288400e+02
  -9.1751853e+01   5.2374061e+01   3.1837503e+02
   3.7284318e+01   1.2328437e+02   2.7423227e+02
  -2.1577634e+02   9.6647439e+01   4.4836873e+01
  -1.2897211e+02   1.1298627e+02   2.0948522e+02
  -1.0944523e+02   6.6164889e+01   2.5787409e+02
  -2.1764943e+02   8.5154310e+01   3.1957384e+02
   2.3078988e+01   1.3856209e+02   2.5966834e+02
  -1.0622351e+02   6.9028682e+01   2.5796813e+02
  -2.3941181e+02   1.1593221e+02   1.3649348e+02
  -1.7274477e+01   1.2759980e+02   5.5536365e+01
  -2.0039131e+02   1.1744862e+02   5.6700667e+01
  -2.1424796e+02   8.4834073e+01   5.8694005e+01
  -1.5569453e+02   1.3294484e+02   1.6652205e+02
  -2.4879516e+02   1.1858580e+02   1.2605892e+01
  -2.1984536e+02   1.4025539e+02   2.6153790e+02
  -2.8859814e+02   8.4500523e+01   2.7067415e+02
  -4.5171111e+01   7.1330268e+01   1.6221240e+02
  -3.0854505e+02   5.6558449e+01   1.7638067e+02
  -3.6717120e+01   1.0210828e+02   3.8080948e+01
  -1.7426489e+02   9.6734722e+01   1.0327067e+02
  -4.7530435e+01   8.7096112e+01   3.0185032e+02
  -1.1028326e+02   5.9732870e+01   2.5577874e+02
  -1.3284351e+02   1.3803566e+02   5.8276870e+00
  -2.3713145e+02   7.5135544e+01   2.3393809e+02
  -9.0617038e+01   9.1243292e+01   5.1238220e+01
  -2.1634307e+02   8.1453152e+01   3.1077130e+02
  -2.6239131e+02   2.5230659e+01   1.7773360e+02
   3.8280688e+01   1.2828615e+02   2.6289310e+02
  -5.3151264e+01   9.6470301e+01   3.0271820e+02
  -1.8101473e+02   1.2719005e+02   1.3143956e+02
  -3.0993772e+02   1.4479550e+02   8.9295236e+01
  -2.6186272e+02   4.7601718e+01   2.8111557e+02
  -1.1908657e+02   5.5121459e+01   9.5268047e+01
   1.5141347e+01   3.4640725e+01   2.8169741e+02
  -1.8686545e+02   1.1370425e+02   5.0192617e+01
  -1.4144950e+02   7.3373511e+01   2.6870771e+02
  -1.1111084e+02   9.2217966e+01   2.2341714e+02
  -1.4725990e+02   1.2525651e+02   9.9721243e+01
  -1.4120346e+02   4.9132818e+01   1.8862767e+02
  -3.6908630e+01   8.8955142e+01   3.1336251e+02
  -2.2269103e+02   9.9873216e+01   3.2982294e+01
  -3.0762471e+02   1.3596528e+02   1.9347038e+02
  -3.0779489e+02   4.4046290e+01   2.7045174e+02
  -1.0985605e+02   1.5133885e+02   3.2679188e+02
  -2.6535757e+01   9.1920099e+01   2.5843577e+02
  -2.0795336e+01   7.3964434e+01   4.2319147e+01
  -1.3281813e+02   1.0327940e+02   3.1344327e+02
  -1.0440834e+02   4.1931266e+01   5.8736520e+01
  -1.3388376e+02   1.1842558e+02   2.3744791e+01
  -3.1196799e+02   3.8444308e+01   7.9593880e+01
  -4.7016030e+01   8.8460814e+01   2.1736150e+02
  -2.9480907e+02   3.6153350e+01   2.6839503e+02
  -2.1250901e+02   8.1975601e+01   1.4953786e+02
  -6.0798307e+01   7.7548953e+01   4.8486075e-01
   3.2249219e+01   1.2866657e+02   1.6931305e+02
  -1.2188367e+02   9.9564238e+01   1.1039984e+02
  -1.3956607e+02   5.2748197e+01   9.9049523e+00
   1.1376024e+01   1.0575503e+02   1.4267532e+02
   2.6731630e+01   2.8677097e+01   2.9580021e+02
   2.6665813e+01   1.5413722e+02   1.0293038e+02
  -9.9475985e+01   8.9448291e+01   2.3365959e+02
  -3.1339796e+02   1.3240853e+02   4.9438586e+00
   1.9271482e+01   3.6322297e+01   1.9107315e+02
  -5.3481930e+01   7.6069340e+01   9.3683043e+01
  -1.6117818e+02   2.6697279e+01   3.5497574e+02
  -3.1186904e+02   6.0464728e+01   2.4224746e+02
  -2.7571896e+02   5.2136467e+01   3.3909211e+02
  -1.2385382e+02   3.9595905e+01   2.4020939e+02
  -2.3768407e+02   9.5694711e+01   2.8416824e+02
  -2.1846778e+02   8.7367202e+01   2.3345967e+02
  -2.4901145e+02   8.1102889e+01   2.4985700e+01
   2.8276668e+01   7.5822737e+01   8.7568412e+01
  -1.2515048e+02   1.3730542e+02   9.3008370e+00
  -4.7001170e+01   1.2141295e+02   1.8355368e+02
  -1.5028409e+02   3.5761659e+01   1.0463801e+02
  -2.2665508e+02   1.3770206e+02   3.1166188e+02
  -2.1867670e+02   8.7128136e+01   3.1612176e+02
  -4.2111030e+01   9.3089763e+01   1.4203676e+02
  -2.2997786e+02   8.2857016e+01   2.8695027e+01
   4.2671467e+01   5.8814439e+01   1.0665486e+02
  -3.9891075e+01   8.9180458e+01   1.4764567e+02
  -3.1124744e+02   4.7896384e+01   1.7347455e+02
  -4.1733317e+01   9.3132707e+01   1.4496244e+02
  -2.7680227e+02   1.1953676e+02   3.5906060e+02
   4.4718103e+01   1.2236936e+02   2.1954003e+02
   4.0830027e+01   2.0899722e+01   2.8057614e+02
  -1.3470446e+02   4.7070435e+01   8.8781932e+01
  -2.2170467e+02   9.9521421e+01   1.4175767e+02
  -2.1992998e+02   8.9734433e+01   3.8530965e+01
  -1.1482856e+02   1.3022115e+02   1.0425109e+01
  -7.6045269e+01   1.1997637e+02   8.3447278e+00
  -1.4595878e+02   1.2614656e+02   3.2602824e+02
  -2.9073180e+02   5.4678046e+01   2.8345551e+02
  -1.3164684e+02   9.4013882e+01   1.8307863e+02
   4.1844414e+01   1.2144012e+02   2.5263372e+02
  -1.1596264e+02   1.4718009e+02   2.7166195e+02
  -2.0235698e+02   1.5251089e+02   2.1996238e+02
  -1.3230133e+02   1.3749661e+02   2.0477936e+02
  -4.3438923e+01   9.5464970e+01   4.9091268e+01
  -5.5663195e+01   7.0582569e+01   2.2824125e+02
  -2.2799006e+02   1.0249716e+02   3.1316749e+02
  -1.8454916e+02   7.2730103e+01   1.5197495e+02
  -2.1825636e+02   9.4534389e+01   2.9818388e+02
  -4.5275103e+01   1.3965702e+02   8.8770574e+01
  -3.0847957e+02   1.2442021e+02   2.2208958e+01
  -2.6390195e+01   9.0182187e+01   7.4270459e+01
  -1.3142813e+02   6.0152325e+01   2.5232237e+02
  -2.9770258e+01   9.2465664e+01   3.2258366e+02
  -9.8749159e+01   7.6253921e+01   1.1646523e+02
  -3.0630208e+02   5.1391563e+01   1.8154511e+02
  -2.2822440e+02   8.8453313e+01   6.1230252e+01
  -2.0843118e+02   1.2309629e+02   1.2845821e+02
  -7.1146611e+01   2.2405725e+01   1.4687998e+02
  -1.7092611e+02   5.9999833e+01   1.8518541e+02
  -1.3984474e+02   1.1834610e+02   8.3456608e+01
  -1.1824653e+02   1.0290025e+02   3.2716605e+02
  -8.2493240e+01   1.1433329e+02   4.2098762e+01
  -1.3843411e+02   6.2528883e+01   1.8547089e+02
  -4.9292613e+01   1.0458843e+02   3.0982367e+02
  -4.8262112e+01   9.0097248e+01   1.3077495e+02
  -6.6985175e+01   3.7206687e+01   6.4813274e+01
  -7.8944782e+01   1.0317967e+02   1.6888133e+02
  -1.5044002e+02   1.3008951e+02   1.6095130e+02
  -2.3964376e+02   1.6738231e+02   1.1237105e+02
   2.8639270e+01   1.3711730e+02   3.3550486e+02
  -1.4279161e+02   7.4637504e+01   3.1599240e+02
  -2.0998262e+02   9.5279585e+01   2.0682463e+02
  -1.4884953e+02   8.4077915e+01   3.5618593e+02
  -1.4178286e+02   1.1963328e+02   6.9975648e+01
  -2.6107656e+02   1.0189707e+02   2.9498676e+02
  -1.2108863e+02   1.2449652e+02   2.7241208e+02
   3.5027531e+01   1.3655857e+02   8.5409085e+01
  -2.7315656e+02   1.3063184e+02   2.2111549e+02
  -6.8915596e+01   5.8325169e+01   8.4682108e+01
  -1.4005490e+02   1.2785738e+02   1.6595670e+02
   3.1080852e+01   4.3372586e+01   1.7581295e+00
  -2.3598780e+02   9.8266299e+01   1.2272073e+02
  -7.0114381e+00   5.4120667e+01   2.8516097e+02
  -2.6292424e+02   9.2480039e+01   1.5603530e+02
  -2.2606038e+02   9.5748570e+01   4.5193298e+01
  -1.5544426e+02   1.4597111e+02   4.6685343e+01
  -3.0871947e+02   7.6329104e+01   2.0529001e+02
  -2.8204393e+02   1.9422993e+01   4.6021346e+01
  -7.0143478e+01   8.9874353e+01   7.8454100e+01
  -3.1424949e+02   6.3679590e+01   8.5866870e+01
  -1.1783182e+02   3.6706454e+01   3.3815846e+02
   2.4337204e+01   9.2772783e+01   1.6839233e+02
  -1.4801325e+02   3.1513207e+00   1.7630549e+02
   3.0145429e+01   6.4267937e+01   6.9643477e+01
  -4.6391129e+01   6.4822011e+01   1.1766278e+02
   3.5129131e+01   1.3491090e+02   1.8510319e+02
  -1.3547600e+02   9.3464424e+01   4.3247589e+01
  -3.2913883e+01   1.6414971e+02   2.4321046e+02
  -3.3899523e+01   8.0793948e+01   4.7393579e+01
  -7.4440536e+01   8.8249120e+01   3.5645748e+02
  -1.8000069e+02   6.6760494e+01   2.3658733e+02
   4.4723998e+01   4.2354951e+01   2.7037948e+02
  -1.2005682e+02   5.5745978e+01   8.6588991e+01
  -2.9059252e+02   1.4826943e+02   8.1508123e+01
  -8.2064117e+01   1.4673131e+02   2.9807783e+02
  -1.5538053e+02   7.5692699e+01   1.3416267e+02
  -2.6095935e+02   1.0001322e+02   2.5108796e+02
  -2.8892261e+02   9.9357282e+01   2.3218307e+02
  -3.8424983e+01   8.5394436e+01   9.1190425e+00
  -2.5099630e+02   1.4825121e+02   1.0718425e+02
  -2.3749843e+02   8.1905474e+01   3.2602479e+02
  -3.1512569e+01   8.4902761e+01   3.0345453e+02
  -1.1482366e+02   2.7611710e+01   2.5765160e+02
  -1.0865712e+02   4.8561745e+01   2.3696274e+02
  -1.2920865e+02   6.4092770e+01   1.7424662e+02
  -1.4066548e+02   4.2607091e+01   2.7073681e+02
  -1.2492094e+02   4.2669700e+01   3.4882527e+02
  -1.3777542e+02   4.5410079e+01   3.5511520e+02
  -8.5873612e+01   1.1404344e+02   1.0871511e+02
  -2.3592551e+02   7.3254633e+01   2.0910215e+02
  -1.5423324e+02   1.3641190e+02   1.3343457e+02
  -5.9693977e+01   4.6444419e+01   6.0865901e+01
  -1.4334207e+02   1.3734599e+02   2.6013720e+02
  -3.0843710e+02   4.9588638e+01   1.4911201e+01
  -1.3645211e+02   2.7369560e+01   1.6556179e+00
  -3.0646348e+02   1.3396620e+02   1.7775989e+02
  -1.1430993e+02   5.9646384e+01   3.5365463e+02
  -2.3953730e+02   9.4410510e+01   5.0060113e+01
  -1.2585356e+02   1.3487131e+02   9.0201263e+01
  -1.1760033e+02   3.3527149e+01   2.1056199e+02
  -3.0826747e+02   1.3791441e+02   2.8065435e+02
  -2.3277706e+02   9.2830793e+01   2.2241784e+02
  -3.1149680e+02   9.5577974e+01   2.2252794e+02
  -1.5218204e+02   6.5680035e+01   1.0080712e+02
  -2.3310436e+02   8.1996039e+01   3.1655700e+02
  -1.9400132e+02   6.9346436e+01   3.2480502e+02
  -1.8992350e+02   1.0071225e+02   1.5839110e+02
  -1.5794932e+02   3.4997048e+01   8.7369447e+01
  -1.7617532e+02   4.3706562e+01   1.5655570e+01
  -8.9082492e+01   1.2203004e+02   4.3884089e+01
  -6.0518372e+01   8.2575710e+01   1.7905609e+02
  -1.4307752e+02   1.2001364e+02   7.3971795e+01
  -1.3730758e+02   3.9326354e+01   9.1093600e+01
  -2.2865368e+02   8.9957058e+01   2.5232635e+02
  -6.5395505e+01   2.6473965e+01   1.1630757e+02
  -2.9608354e+02   3.9716205e+01   1.6930725e+02
  -3.0162662e+02   4.8328472e+01   1.8810905e+02
  -2.4697544e+02   8.7184706e+01   3.1339523e+02
  -4.9370327e+01   8.5840166e+01   1.4553158e+02
  -2.4477433e+02   1.6531967e+02   4.6310497e+00
  -1.4955051e+02   5.9609522e+01   9.1967758e+01
  -3.0481673e+02   4.9993042e+01   2.4481773e+02
  -1.3983751e+02   1.3867612e+02   1.6248890e+02
  -1.5738574e+02   1.1238103e+02   2.3427936e+02
  -7.9447958e+01   2.1117424e+01   6.8366753e+01
   4.1934270e+01   4.5466313e+01   9.2348039e+01
  -1.3381133e+02   3.4365579e+01   7.8090311e+01
  -2.4469642e+02   4.5831658e+01   1.8728905e+02
  -3.6164861e+01   1.4326296e+02   3.3350383e+02
  -2.9168304e+02   1.5648561e+02   1.6831223e+02
  -3.0401904e+02   3.5090792e+01   3.1244093e+02
   4.4342739e+01   8.3821150e+01   1.5190006e+02
  -2.2539042e+02   8.4199714e+01   2.2263399e+02
  -6.5236638e+01   4.6788596e+01   3.1954190e+02
   2.6413134e+01   1.1190128e+02   1.3373765e+02
  -3.4729279e+01   9.8278653e+01   3.1852361e+02
  -2.9674102e+02   1.3185071e+02   2.7265321e+02
  -2.9306073e+02   5.0228517e+01   7.6677816e+01
   4.6490146e+00   8.7704240e+01   4.7680728e+01
   2.4565828e+01   1.3819638e+02   1.5228032e+02
   3.1452052e+01   1.2753844e+02   1.5457298e+02
  -1.3080057e+02   5.5539388e+01   2.7240038e+02
  -2.1117302e+02   8.6565736e+01   2.3617544e+02
  -2.7876186e+02   1.6684485e+02   1.4040047e+02
   9.2170790e+00   2.6734166e+01   3.5371223e+02
  -1.2421508e+02   8.6104246e+01   3.5264711e+02
  -2.0084277e+01   1.4304525e+02   1.1068615e+02
  -4.4748500e+01   9.5578174e+01   3.3547530e+02
  -1.0770541e+02   5.0254585e+01   2.5567340e+02
  -1.3387737e+02   1.2531032e+02   1.6779145e+02
   2.0909831e+01   1.3557749e+02   2.4814610e+02
  -3.0899676e+02   1.2674755e+02   1.7736428e+02
   4.7456982e+00   6.0191479e+01   2.8781672e+02
  -2.2169458e+01   8.6320604e+01   3.3746684e+02
  -2.3480507e+02   3.1027293e+01   2.2294101e+02
  -2.6038563e+02   1.0213193e+02   1.3241193e+02
  -4.0269836e+01   1.3281891e+02   1.4734705e+02
   3.3340140e+01   4.6133502e+01   2.5904674e+02
   1.0872135e+01   1.3226035e+02   2.2798183e+02
  -2.4491875e+02   4.4918210e+01   2.0650541e+02
  -2.6042682e+02   4.6660484e+01   2.9319495e+02
  -1.5197086e+02   1.4207895e+02   7.8794395e+01
  -1.4636595e+02   9.1779832e+01   5.2692410e+01
  -3.0879019e+02   1.3329850e+02   1.8119878e+02
   1.2476549e+01   5.6776610e+01   9.5895868e+01
  -2.2218385e+02   1.0366275e+02   4.3900759e+01
  -2.1875996e+02   8.8489338e+01   5.4344042e+01
  -6.2544610e+01   7.7142049e+01   3.2161944e+02
  -1.6386083e+02   1.3707702e+02   1.4273492e+02
  -2.4654061e+02   4.6301183e+01   1.3481357e+02
  -7.4224172e+01   1.0156767e+02   3.7101700e+01
  -3.0182794e+02   5.0648458e+01   3.3462455e+02
  -1.5304486e+02   8.3116029e+01   2.6617492e+02
  -1.4258856e+02   1.2468080e+02   1.0673667e+01
  -2.1469412e+02   8.2028428e+01   1.3122001e+02
  -2.6619380e+01   8.8020421e+01   1.1736603e+02
  -9.5223718e+01   1.1455393e+02   2.1434647e+02
  -1.6245742e+02   3.2518976e+01   3.2108078e+02
   2.8906312e+01   4.3222951e+01   1.8277760e+02
  -1.4845318e+02   1.0118567e+02   1.0364346e+02
  -2.2999368e+02   9.7195173e+01   1.3346467e+02
  -1.5153828e+02   1.3520333e+02   7.7037385e+01
   2.2570993e+01   3.5041625e+01   2.6695127e+02
   1.3549405e+01   9.1881009e+01   1.7156344e+02
  -9.6984302e+01   1.0047066e+02   1.4930904e+02
  -1.5516773e+02   1.3211043e+02   3.5578972e+02
   3.9694531e+01   1.3579674e+02   1.8178917e+02
   1.5876984e+00   6.6538732e+01   2.9797007e+02
  -1.3124746e+02   4.1900957e+01   2.6279012e+02
  -2.3368158e+02   8.7069491e+01   2.3116565e+02
  -1.3725963e+02   1.2042686e+02   1.7905789e+02
  -1.3557055e+02   1.3319745e+02   8.4671058e+01
  -1.9869027e+02   4.7133155e+01   1.8880124e+02
   3.6111309e+01   1.2598075e+02   8.5948411e+01
  -3.9716016e+01   8.4646612e+01   2.2600409e+02
  -1.4615394e+02   1.2234635e+02   3.7675510e+00
   3.6842242e+01   4.2802371e+01   1.8484899e+02
  -3.7077650e+01   1.2819655e+02   1.7144818e+02
  -1.3885601e+02   3.7295688e+01   2.9024626e+02
  -1.8828518e+02   4.2872430e+01   3.0988319e+02
  -3.5863571e+01   9.8163898e+01   1.5154132e+02
  -2.0275162e+02   7.6495965e+01   4.7037599e+01
  -2.3191748e+02   1.0483859e+02   4.7102276e+01
  -2.3665227e+01   9.6632136e+01   4.4844791e+01
  -2.2679845e+02   9.3562353e+01   2.3979478e+02
   3.2032754e+01   1.4670924e+02   2.4363030e+02
  -1.2603853e+02   7.2066131e+01   4.7579918e+01
  -1.8409841e+02   1.3974067e+02   2.3497676e+02
  -1.3298267e+02   3.9461522e+01   2.8598894e+02
  -2.2166036e+02   1.0535824e+02   4.5932494e+01
  -8.4924756e+01   6.4909260e+01   3.5216170e+02
  -2.4515413e+02   1.4257209e+02   2.1190829e+02
  -3.1028324e+02   3.6669183e+01   1.7768834e+02
  -5.1564090e+01   8.2275280e+01   1.5020410e+02
  -3.1491876e+02   3.9098060e+01   1.8210828e+02
  -2.2036562e+02   6.1662834e+01   3.2261525e+00
  -2.2927656e+02   3.3077221e+01   3.2250328e+02
  -1.2695211e+02   4.0604067e+01   3.5110288e+02
  -2.3592246e+01   1.0504024e+02   3.5690998e+02
  -1.3916038e+02   1.2025266e+02   3.5508272e+02
  -1.6268699e+02   6.5286668e+01   3.3202074e+02
  -8.9234663e+01   1.0379478e+02   6.5576380e+01
  -2.2639086e+02   9.8212259e+01   3.2784853e+01
  -2.2204486e+02   8.5836598e+01   1.1634946e+02
   3.6022466e+01   1.3248423e+02   3.5690620e+02
  -5.7730660e+01   9.5894111e+01   5.5514895e+01
  -2.5014447e+02   9.6302525e+01   2.0234772e+02
  -2.0441793e+02   6.1139289e+01   4.5216470e+01
  -3.0957833e+02   4.2869991e+01   2.6459048e+02
  -7.8302594e+01   1.2241317e+02   1.7997991e+02
  -4.1335365e+01   8.9246963e+01   4.3975010e+01
  -3.0335649e+02   4.6366214e+01   1.7012977e+02
  -2.0813589e+02   8.0340090e+01   3.1118719e+02
   4.1130414e+01   1.6629579e+02   1.3269478e+02
  -1.5292374e+02   1.0053883e+02   3.2526745e+02
   2.0539428e+01   1.3635169e+02   7.9663315e+01
  -1.8850315e+02   1.0348893e+02   2.2150933e+02
  -1.0441452e+02   1.3545474e+02   2.7795661e+02
   3.0959401e+00   6.1333791e+01   2.6336558e+02
  -2.2550564e+01   1.1051317e+02   3.5048022e+02
   3.0401405e+01   5.5558064e+01   8.7364054e+01
  -6.9201496e+01   1.0353927e+02   2.8490745e+02
  -4.8078117e+01   9.2264918e+01   3.3146012e+02
   4.2895812e+01   1.2014732e+01   1.6565717e+02
  -2.3560520e+02   7.5759001e+01   2.7537265e+02
  -3.0358966e+02   1.3810576e+02   1.8072349e+02
   1.5863831e+01   1.0107227e+02   3.4995710e+02
   7.2245342e+00   1.2236940e+02   9.2171214e+01
  -4.3814551e+01   8.7542502e+01   2.2052498e+02
   5.7375595e+00   2.1370492e+01   3.2966624e+02
  -1.2424104e+02   5.3767825e+01   1.7963323e+02
  -2.2259001e+02   1.0100697e+02   1.4731745e+02
  -2.1323384e+02   1.3526538e+02   1.2045235e+02
  -2.0240454e+02   1.0141799e+02   6.5323161e+01
  -1.2919227e+02   8.6324801e+01   1.5636176e+02
  -1.7380013e+02   4.3978515e+01   3.0560379e+02
   1.8328989e+01   1.4294997e+02   2.7380641e+02
  -3.0621516e+02   2.6124688e+01   2.5501759e+02
  -1.2270072e+02   8.0702896e+01   3.2988905e+02
  -7.0350924e+01   1.4228143e+02   1.8064321e+02
  -2.3197756e+02   9.0778642e+01   2.2341556e+02
  -2.7451445e+02   7.8945376e+01   1.3490035e+02
  -9.6627201e+01   9.2509240e+01   2.7776816e+02
  -2.3435687e+02   7.2853084e+01   3.1852917e+02
  -2.1431431e+02   5.0758931e+01   6.8315054e+01
  -2.7347949e+02   8.1523455e+01   1.7171800e+02
  -6.3755944e-01   1.2536289e+02   2.0921765e+02
  -7.4092313e+01   9.7925987e+01   3.0864859e+02
  -2.6310697e+02   9.7724589e+01   2.4172413e+02
  -1.4591802e+02   1.2955721e+02   2.6000489e+02
  -3.4125546e+01   4.2057897e+01   6.9641316e+01
  -1.7491200e+02   6.0396814e+01   3.3606537e+02
  -1.2787565e+02   1.2555950e+02   2.7475660e+02
  -2.0163348e+02   1.0192994e+02   2.1561554e+02
  -2.9451836e+02   3.5304215e+01   3.3649606e+02
  -4.9998155e+00   1.3184163e+02   2.3540231e+02
  -3.1099243e+01   8.6524278e+01   4.0958046e+01
  -1.3107000e+02   1.3418997e+02   2.6467688e+02
   1.4468550e+01   8.5200707e+01   1.3515434e+02
  -1.4258656e+02   1.4221493e+02   2.6257528e+02
  -1.4226091e+02   5.0889441e+01   8.5828953e+00
  -1.4102295e+02   5.4297367e+01   1.9154665e+02
  -2.1695896e+02   1.6363592e+02   1.1810533e+02
   4.1763024e+01   4.1533146e+01   2.5587498e+02
  -1.3794857e+02   3.3642689e+01   1.1300130e+00
  -2.3334797e+02   8.3290191e+01   3.2109921e+02
  -7.3980888e+00   1.3940422e+02   1.1561004e+01
  -1.3189244e+02   5.9566802e+01   8.4314639e+01
  -2.9115159e+02   7.4441137e+01   1.5784142e+02
  -4.8078030e+01   8.2192925e+01   1.5245716e+02
  -3.1103374e+02   1.2500794e+02   1.8974253e+02
  -8.6671384e+01   9.1743610e+01   2.9559902e+02
   1.3518926e+00   8.2447820e+00   2.3482743e+02
  -1.3148768e+02   1.1843048e+02   8.2521641e+01
  -1.3532800e+02   1.3328633e+02   2.6366568e+02
  -2.7296513e+02   7.1461985e+01   3.5800957e+02
   1.6766981e+01   1.9152233e+01   2.1595417e+02
  -1.3489920e+02   5.4495983e+01   3.5653250e+02
  -3.1186601e+02   4.8081242e+01   2.6382076e+02
  -9.7248686e+01   4.0411585e+01   1.8672174e+02
  -3.1369392e+02   3.6041324e+01   3.5013947e+02
  -4.5709342e+01   1.0179561e+02   3.2666701e+02
  -2.9526082e+02   4.2538053e+01   3.3489527e+02
  -2.3147651e+02   7.9285499e+01   3.5648455e+01
  -2.9877654e+02   6.5848437e+01   2.5994143e+01
  -3.0250302e+02   1.4643762e+02   2.3866292e+02
  -2.6932117e+02   9.6687087e+01   1.4763941e+02
  -3.4715485e+00   1.7738170e+02   9.3541465e+01
  -1.2632953e+02   6.9068925e+01   2.7490659e+02
  -3.0871873e+02   1.2192402e+02   9.9592577e+01
  -2.2682601e+02   9.0890212e+01   4.3829779e+01
  -1.4540002e+02   1.2595289e+02   9.8473302e+01
  -2.4726282e+02   5.6655605e+01   3.1705632e+02
   4.0860576e+01   3.7697712e+01   2.7438858e+02
  -2.9928330e+02   4.3300970e+01   1.1689240e+00
  -2.8499682e+02   3.4537566e+01   1.9741002e+02
  -2.1540941e+02   1.0694784e+02   1.6252679e+02
   4.2563123e+01   1.3125914e+02   1.7378511e+02
  -1.2929877e+02   3.2651142e+01   2.6943093e+02
  -2.7876998e+02   8.4970679e+01   3.3669436e+02
   5.8536242e+00   7.2161966e+01   3.0028835e+01
  -1.3123356e+02   4.5442121e+01   3.5562009e+02
  -3.5371146e+00   1.3016035e+02   1.3249487e+02
  -2.1119738e+02   1.4169831e+01   1.1927458e+01
  -1.2774224e+02   5.8395072e+01   1.1504792e+01
  -2.7114282e+02   1.7400721e+02   1.6561643e+01
  -5.1354349e+01   1.2747830e+02   2.3061239e+02
  -2.2805754e+02   9.3640726e+01   1.8366713e+02
  -4.9145261e+01   8.0926742e+01   1.4109052e+02
   3.5138558e+01   1.2782888e+02   1.5124923e+02
  -1.3859370e+02   4.7986208e+01   7.6673470e+01
  -2.9008072e+02   8.3467144e+01   2.0224725e+02
  -2.1356867e+02   9.4625056e+01   4.0657564e+01
   4.2372562e+01   1.3839032e+02   1.6662121e+01
  -1.8738970e+02   1.1945845e+02   1.0132170e+02
  -2.3590750e+02   8.6755163e+01   1.3414052e+02
  -3.6189134e+01   9.9511798e+01   3.1576134e+02
  -3.0791304e+02   5.1842901e+01   3.5646778e+02
  -1.6269670e+02   8.1384396e+00   2.4434220e+02
   3.9881517e+01   4.7568281e+01   2.9275669e+02
  -1.3629171e+02   9.6126012e+01   2.2567077e+02
  -5.4177752e+01   1.5280090e+02   2.5522024e+02
   1.6883148e+01   6.6867761e+01   2.2153199e+02
   3.4641612e+01   1.2188982e+02   2.6268932e+02
  -1.1163091e+02   1.2648210e+02   1.0399863e+02
  -1.3199198e+02   5.4199445e+01   2.7720501e+02
  -6.6118564e+01   1.2164636e+02   1.6184583e+02
  -2.8332248e+01   1.1361710e+02   2.6189525e+02
  -1.3590961e+01   1.1920294e+02   3.5453313e+02
  -1.3435834e+02   1.3619744e+02   7.7070454e+01
  -2.9806207e+02   1.4566030e+02   1.9241138e+02
  -2.3182268e+02   8.6371158e+01   3.1466950e+02
  -6.6704089e+00   8.2250317e+01   2.8075739e+02
  -1.6990467e+02   1.1788683e+02   3.5695007e+02
  -1.1226244e+02   1.5938223e+02   2.2917138e+02
  -3.1042675e+02   7.3729439e+01   9.8378506e+01
  -3.2265709e+01   7.8357538e+01   2.1710875e+02
  -1.2457556e+02   5.2129463e+01   7.6322026e+01
  -3.1189272e+02   1.3350043e+02   1.8989204e+02
  -1.2916728e+02   4.5003606e+01   7.7598888e+01
  -1.4020516e+02   1.2816057e+02   2.2897453e+02
  -1.9553766e+02   6.7924750e+01   3.2799089e+02
  -1.1378710e+02   4.3426180e+01   2.3529450e+02
  -1.2626924e+02   1.1227383e+02   2.2163123e+02
  -1.3593703e+02   1.2325972e+02   7.2053707e+01
  -2.8322642e+01   9.8453377e+01   3.3971936e+02
  -7.4321123e+01   1.0370746e+02   9.2064255e+01
  -4.3663589e+01   7.5393216e+01   2.3208999e+02
  -2.1755811e+01   7.5560158e+01   7.1354123e+01
   2.3269259e+01   5.5312856e+01   1.5979323e+02
  -9.7468763e+01   7.9090741e+01   3.1578181e+02
   4.1161246e+01   3.2914311e+01   3.9869459e+00
  -5.1034548e+01   9.6374336e+01   6.3032225e+01
  -1.5648254e+02   7.2353050e+01   1.2542045e+02
  -4.9122985e+01   7.9405619e+01   2.2704973e+02
  -4.8640233e+01   7.9696527e+01   3.8707924e+01
  -2.2346845e+02   1.3297621e+02   2.7530477e+02
  -1.7093125e+02   1.5631021e+02   3.2265963e+02
  -3.3037937e+01   1.3654798e+02   6.7911444e+01
  -5.7744000e+01   1.1576412e+02   2.4246809e+02
  -5.0896366e+01   9.1267664e+01   1.4376509e+02
  -4.8295927e+01   9.1390935e+01   3.0247440e+01
  -1.5628661e+02   3.5144577e+01   2.8542117e+02
  -7.5036508e+01   5.9079396e+01   1.8572033e+02
  -1.3676555e+02   1.4144756e+02   9.0220933e+01
  -3.5620671e+01   7.8842649e+01   3.1737461e+02
  -1.4742695e+02   1.3111778e+02   8.5036420e+01
  -1.8282567e+02   9.9785267e+01   3.1030682e+02
  -2.5045507e+02   1.3512921e+02   1.0733578e+02
  -1.5563007e+02   6.2093283e+01   1.0918689e+02
  -1.4169309e+02   1.4040199e+02   1.6092965e+02
  -1.3609838e+02   5.2361980e+01   2.7451827e+02
  -2.2104400e+01   7.0183904e+01   7.9597581e+01
  -2.6072923e+02   7.4279866e+01   5.0340258e+01
  -3.0755061e+02   8.5084205e+01   3.4524422e+02
  -2.3891297e+01   1.1972674e+02   2.4504583e+02
  -1.8805833e+02   1.4845168e+02   2.8972595e+02
  -3.1025370e+02   4.1597294e+01   3.3552218e+02
  -3.8789264e+01   9.1463161e+01   3.2917806e+02
  -3.0582765e+02   1.4111931e+02   8.7133202e+01
  -2.9446405e+02   3.7317391e+01   2.6716465e+02
  -2.2634135e+02   9.3239128e+01   1.3230298e+02
  -2.3538893e+02   1.0304032e+02   1.9303423e+02
  -5.5057342e+01   8.7604529e+01   5.5214991e+01
  -1.3141608e+02   1.3553006e+02   1.7931654e+02
  -3.1216332e+02   4.7855913e+01   9.8494576e+01
  -4.6909397e+01   7.6602751e+01   2.2399131e+02
  -3.1452283e+02   3.1154494e+01   1.8966499e+02
