   1.8832123e+02   9.7992577e+01   3.6676351e+01
  -7.8951650e+01   1.2871044e+02   9.4171123e+01
   9.1895738e+01   1.3824744e+02   8.7474561e+01
   1.5610734e+02   5.1519073e+01   3.4368246e+02
   1.8369208e+02   1.4229744e+02   8.7023073e+00
   2.5888556e+02   5.0103378e+01   2.1691900e+01
  -7.8900642e+01   1.1957356e+02   2.1288400e+02
   1.3324815e+02   5.2374061e+01   3.1837503e+02
   2.6228432e+02   1.2328437e+02   2.7423227e+02
   9.2236608e+00   9.6647439e+01   4.4836873e+01
   9.6027889e+01   1.1298627e+02   2.0948522e+02
   1.1555477e+02   6.6164889e+01   2.5787409e+02
   7.3505723e+00   8.5154310e+01   3.1957384e+02
   2.4807899e+02   1.3856209e+02   2.5966834e+02
   1.1877649e+02   6.9028682e+01   2.5796813e+02
  -1.4411813e+01   1.1593221e+02   1.3649348e+02
   2.0772552e+02   1.2759980e+02   5.5536365e+01
   2.4608693e+01   1.1744862e+02   5.6700667e+01
   1.0752038e+01   8.4834073e+01   5.8694005e+01
   6.9305473e+01   1.3294484e+02   1.6652205e+02
  -2.3795165e+01   1.1858580e+02   1.2605892e+01
   5.1546440e+00   1.4025539e+02   2.6153790e+02
  -6.3598140e+01   8.4500523e+01   2.7067415e+02
   1.7982889e+02   7.1330268e+01   1.6221240e+02
  -8.3545047e+01   5.6558449e+01   1.7638067e+02
   1.8828288e+02   1.0210828e+02   3.8080948e+01
   5.0735109e+01   9.6734722e+01   1.0327067e+02
   1.7746957e+02   8.7096112e+01   3.0185032e+02
   1.1471674e+02   5.9732870e+01   2.5577874e+02
   9.2156493e+01   1.3803566e+02   5.8276870e+00
  -1.2131452e+01   7.5135544e+01   2.3393809e+02
   1.3438296e+02   9.1243292e+01   5.1238220e+01
   8.6569337e+00   8.1453152e+01   3.1077130e+02
  -3.7391315e+01   2.5230659e+01   1.7773360e+02
   2.6328069e+02   1.2828615e+02   2.6289310e+02
   1.7184874e+02   9.6470301e+01   3.0271820e+02
   4.3985271e+01   1.2719005e+02   1.3143956e+02
  -8.4937718e+01   1.4479550e+02   8.9295236e+01
  -3.6862719e+01   4.7601718e+01   2.8111557e+02
   1.0591343e+02   5.5121459e+01   9.5268047e+01
   2.4014135e+02   3.4640725e+01   2.8169741e+02
   3.8134553e+01   1.1370425e+02   5.0192617e+01
   8.3550495e+01   7.3373511e+01   2.6870771e+02
   1.1388916e+02   9.2217966e+01   2.2341714e+02
   7.7740098e+01   1.2525651e+02   9.9721243e+01
   8.3796535e+01   4.9132818e+01   1.8862767e+02
   1.8809137e+02   8.8955142e+01   3.1336251e+02
   2.3089653e+00   9.9873216e+01   3.2982294e+01
  -8.2624705e+01   1.3596528e+02   1.9347038e+02
  -8.2794886e+01   4.4046290e+01   2.7045174e+02
   1.1514395e+02   1.5133885e+02   3.2679188e+02
   1.9846424e+02   9.1920099e+01   2.5843577e+02
   2.0420466e+02   7.3964434e+01   4.2319147e+01
   9.2181869e+01   1.0327940e+02   3.1344327e+02
   1.2059166e+02   4.1931266e+01   5.8736520e+01
   9.1116240e+01   1.1842558e+02   2.3744791e+01
  -8.6967992e+01   3.8444308e+01   7.9593880e+01
   1.7798397e+02   8.8460814e+01   2.1736150e+02
  -6.9809066e+01   3.6153350e+01   2.6839503e+02
   1.2490991e+01   8.1975601e+01   1.4953786e+02
   1.6420169e+02   7.7548953e+01   4.8486075e-01
   2.5724922e+02   1.2866657e+02   1.6931305e+02
   1.0311633e+02   9.9564238e+01   1.1039984e+02
   8.5433930e+01   5.2748197e+01   9.9049523e+00
   2.3637602e+02   1.0575503e+02   1.4267532e+02
   2.5173163e+02   2.8677097e+01   2.9580021e+02
   2.5166581e+02   1.5413722e+02   1.0293038e+02
   1.2552401e+02   8.9448291e+01   2.3365959e+02
  -8.8397963e+01   1.3240853e+02   4.9438586e+00
   2.4427148e+02   3.6322297e+01   1.9107315e+02
   1.7151807e+02   7.6069340e+01   9.3683043e+01
   6.3821821e+01   2.6697279e+01   3.5497574e+02
  -8.6869042e+01   6.0464728e+01   2.4224746e+02
  -5.0718962e+01   5.2136467e+01   3.3909211e+02
   1.0114618e+02   3.9595905e+01   2.4020939e+02
  -1.2684067e+01   9.5694711e+01   2.8416824e+02
   6.5322205e+00   8.7367202e+01   2.3345967e+02
  -2.4011451e+01   8.1102889e+01   2.4985700e+01
   2.5327667e+02   7.5822737e+01   8.7568412e+01
   9.9849525e+01   1.3730542e+02   9.3008370e+00
   1.7799883e+02   1.2141295e+02   1.8355368e+02
   7.4715910e+01   3.5761659e+01   1.0463801e+02
  -1.6550761e+00   1.3770206e+02   3.1166188e+02
   6.3232951e+00   8.7128136e+01   3.1612176e+02
   1.8288897e+02   9.3089763e+01   1.4203676e+02
  -4.9778620e+00   8.2857016e+01   2.8695027e+01
   2.6767147e+02   5.8814439e+01   1.0665486e+02
   1.8510892e+02   8.9180458e+01   1.4764567e+02
  -8.6247440e+01   4.7896384e+01   1.7347455e+02
   1.8326668e+02   9.3132707e+01   1.4496244e+02
  -5.1802270e+01   1.1953676e+02   3.5906060e+02
   2.6971810e+02   1.2236936e+02   2.1954003e+02
   2.6583003e+02   2.0899722e+01   2.8057614e+02
   9.0295536e+01   4.7070435e+01   8.8781932e+01
   3.2953298e+00   9.9521421e+01   1.4175767e+02
   5.0700187e+00   8.9734433e+01   3.8530965e+01
   1.1017144e+02   1.3022115e+02   1.0425109e+01
   1.4895473e+02   1.1997637e+02   8.3447278e+00
   7.9041221e+01   1.2614656e+02   3.2602824e+02
  -6.5731804e+01   5.4678046e+01   2.8345551e+02
   9.3353155e+01   9.4013882e+01   1.8307863e+02
   2.6684441e+02   1.2144012e+02   2.5263372e+02
   1.0903736e+02   1.4718009e+02   2.7166195e+02
   2.2643020e+01   1.5251089e+02   2.1996238e+02
   9.2698675e+01   1.3749661e+02   2.0477936e+02
   1.8156108e+02   9.5464970e+01   4.9091268e+01
   1.6933680e+02   7.0582569e+01   2.2824125e+02
  -2.9900630e+00   1.0249716e+02   3.1316749e+02
   4.0450843e+01   7.2730103e+01   1.5197495e+02
   6.7436371e+00   9.4534389e+01   2.9818388e+02
   1.7972490e+02   1.3965702e+02   8.8770574e+01
  -8.3479567e+01   1.2442021e+02   2.2208958e+01
   1.9860981e+02   9.0182187e+01   7.4270459e+01
   9.3571867e+01   6.0152325e+01   2.5232237e+02
   1.9522974e+02   9.2465664e+01   3.2258366e+02
   1.2625084e+02   7.6253921e+01   1.1646523e+02
  -8.1302082e+01   5.1391563e+01   1.8154511e+02
  -3.2243985e+00   8.8453313e+01   6.1230252e+01
   1.6568821e+01   1.2309629e+02   1.2845821e+02
   1.5385339e+02   2.2405725e+01   1.4687998e+02
   5.4073895e+01   5.9999833e+01   1.8518541e+02
   8.5155260e+01   1.1834610e+02   8.3456608e+01
   1.0675347e+02   1.0290025e+02   3.2716605e+02
   1.4250676e+02   1.1433329e+02   4.2098762e+01
   8.6565890e+01   6.2528883e+01   1.8547089e+02
   1.7570739e+02   1.0458843e+02   3.0982367e+02
   1.7673789e+02   9.0097248e+01   1.3077495e+02
   1.5801482e+02   3.7206687e+01   6.4813274e+01
   1.4605522e+02   1.0317967e+02   1.6888133e+02
   7.4559982e+01   1.3008951e+02   1.6095130e+02
  -1.4643759e+01   1.6738231e+02   1.1237105e+02
   2.5363927e+02   1.3711730e+02   3.3550486e+02
   8.2208385e+01   7.4637504e+01   3.1599240e+02
   1.5017378e+01   9.5279585e+01   2.0682463e+02
   7.6150472e+01   8.4077915e+01   3.5618593e+02
   8.3217139e+01   1.1963328e+02   6.9975648e+01
  -3.6076563e+01   1.0189707e+02   2.9498676e+02
   1.0391137e+02   1.2449652e+02   2.7241208e+02
   2.6002753e+02   1.3655857e+02   8.5409085e+01
  -4.8156560e+01   1.3063184e+02   2.2111549e+02
   1.5608440e+02   5.8325169e+01   8.4682108e+01
   8.4945103e+01   1.2785738e+02   1.6595670e+02
   2.5608085e+02   4.3372586e+01   1.7581295e+00
  -1.0987799e+01   9.8266299e+01   1.2272073e+02
   2.1798856e+02   5.4120667e+01   2.8516097e+02
  -3.7924245e+01   9.2480039e+01   1.5603530e+02
  -1.0603758e+00   9.5748570e+01   4.5193298e+01
   6.9555740e+01   1.4597111e+02   4.6685343e+01
  -8.3719472e+01   7.6329104e+01   2.0529001e+02
  -5.7043926e+01   1.9422993e+01   4.6021346e+01
   1.5485652e+02   8.9874353e+01   7.8454100e+01
  -8.9249491e+01   6.3679590e+01   8.5866870e+01
   1.0716818e+02   3.6706454e+01   3.3815846e+02
   2.4933720e+02   9.2772783e+01   1.6839233e+02
   7.6986747e+01   3.1513207e+00   1.7630549e+02
   2.5514543e+02   6.4267937e+01   6.9643477e+01
   1.7860887e+02   6.4822011e+01   1.1766278e+02
   2.6012913e+02   1.3491090e+02   1.8510319e+02
   8.9523998e+01   9.3464424e+01   4.3247589e+01
   1.9208612e+02   1.6414971e+02   2.4321046e+02
   1.9110048e+02   8.0793948e+01   4.7393579e+01
   1.5055946e+02   8.8249120e+01   3.5645748e+02
   4.4999315e+01   6.6760494e+01   2.3658733e+02
   2.6972400e+02   4.2354951e+01   2.7037948e+02
   1.0494318e+02   5.5745978e+01   8.6588991e+01
  -6.5592516e+01   1.4826943e+02   8.1508123e+01
   1.4293588e+02   1.4673131e+02   2.9807783e+02
   6.9619466e+01   7.5692699e+01   1.3416267e+02
  -3.5959350e+01   1.0001322e+02   2.5108796e+02
  -6.3922609e+01   9.9357282e+01   2.3218307e+02
   1.8657502e+02   8.5394436e+01   9.1190425e+00
  -2.5996298e+01   1.4825121e+02   1.0718425e+02
  -1.2498425e+01   8.1905474e+01   3.2602479e+02
   1.9348743e+02   8.4902761e+01   3.0345453e+02
   1.1017634e+02   2.7611710e+01   2.5765160e+02
   1.1634288e+02   4.8561745e+01   2.3696274e+02
   9.5791345e+01   6.4092770e+01   1.7424662e+02
   8.4334521e+01   4.2607091e+01   2.7073681e+02
   1.0007906e+02   4.2669700e+01   3.4882527e+02
   8.7224583e+01   4.5410079e+01   3.5511520e+02
   1.3912639e+02   1.1404344e+02   1.0871511e+02
  -1.0925514e+01   7.3254633e+01   2.0910215e+02
   7.0766763e+01   1.3641190e+02   1.3343457e+02
   1.6530602e+02   4.6444419e+01   6.0865901e+01
   8.1657929e+01   1.3734599e+02   2.6013720e+02
  -8.3437100e+01   4.9588638e+01   1.4911201e+01
   8.8547893e+01   2.7369560e+01   1.6556179e+00
  -8.1463481e+01   1.3396620e+02   1.7775989e+02
   1.1069007e+02   5.9646384e+01   3.5365463e+02
  -1.4537301e+01   9.4410510e+01   5.0060113e+01
   9.9146440e+01   1.3487131e+02   9.0201263e+01
   1.0739967e+02   3.3527149e+01   2.1056199e+02
  -8.3267468e+01   1.3791441e+02   2.8065435e+02
  -7.7770600e+00   9.2830793e+01   2.2241784e+02
  -8.6496799e+01   9.5577974e+01   2.2252794e+02
   7.2817958e+01   6.5680035e+01   1.0080712e+02
  -8.1043569e+00   8.1996039e+01   3.1655700e+02
   3.0998677e+01   6.9346436e+01   3.2480502e+02
   3.5076498e+01   1.0071225e+02   1.5839110e+02
   6.7050679e+01   3.4997048e+01   8.7369447e+01
   4.8824677e+01   4.3706562e+01   1.5655570e+01
   1.3591751e+02   1.2203004e+02   4.3884089e+01
   1.6448163e+02   8.2575710e+01   1.7905609e+02
   8.1922478e+01   1.2001364e+02   7.3971795e+01
   8.7692423e+01   3.9326354e+01   9.1093600e+01
  -3.6536823e+00   8.9957058e+01   2.5232635e+02
   1.5960449e+02   2.6473965e+01   1.1630757e+02
  -7.1083541e+01   3.9716205e+01   1.6930725e+02
  -7.6626620e+01   4.8328472e+01   1.8810905e+02
  -2.1975445e+01   8.7184706e+01   3.1339523e+02
   1.7562967e+02   8.5840166e+01   1.4553158e+02
  -1.9774326e+01   1.6531967e+02   4.6310497e+00
   7.5449491e+01   5.9609522e+01   9.1967758e+01
  -7.9816730e+01   4.9993042e+01   2.4481773e+02
   8.5162486e+01   1.3867612e+02   1.6248890e+02
   6.7614256e+01   1.1238103e+02   2.3427936e+02
   1.4555204e+02   2.1117424e+01   6.8366753e+01
   2.6693427e+02   4.5466313e+01   9.2348039e+01
   9.1188675e+01   3.4365579e+01   7.8090311e+01
  -1.9696417e+01   4.5831658e+01   1.8728905e+02
   1.8883514e+02   1.4326296e+02   3.3350383e+02
  -6.6683039e+01   1.5648561e+02   1.6831223e+02
  -7.9019040e+01   3.5090792e+01   3.1244093e+02
   2.6934274e+02   8.3821150e+01   1.5190006e+02
  -3.9041977e-01   8.4199714e+01   2.2263399e+02
   1.5976336e+02   4.6788596e+01   3.1954190e+02
   2.5141313e+02   1.1190128e+02   1.3373765e+02
   1.9027072e+02   9.8278653e+01   3.1852361e+02
  -7.1741019e+01   1.3185071e+02   2.7265321e+02
  -6.8060734e+01   5.0228517e+01   7.6677816e+01
   2.2964901e+02   8.7704240e+01   4.7680728e+01
   2.4956583e+02   1.3819638e+02   1.5228032e+02
   2.5645205e+02   1.2753844e+02   1.5457298e+02
   9.4199434e+01   5.5539388e+01   2.7240038e+02
   1.3826978e+01   8.6565736e+01   2.3617544e+02
  -5.3761860e+01   1.6684485e+02   1.4040047e+02
   2.3421708e+02   2.6734166e+01   3.5371223e+02
   1.0078492e+02   8.6104246e+01   3.5264711e+02
   2.0491572e+02   1.4304525e+02   1.1068615e+02
   1.8025150e+02   9.5578174e+01   3.3547530e+02
   1.1729459e+02   5.0254585e+01   2.5567340e+02
   9.1122634e+01   1.2531032e+02   1.6779145e+02
   2.4590983e+02   1.3557749e+02   2.4814610e+02
  -8.3996757e+01   1.2674755e+02   1.7736428e+02
   2.2974570e+02   6.0191479e+01   2.8781672e+02
   2.0283054e+02   8.6320604e+01   3.3746684e+02
  -9.8050678e+00   3.1027293e+01   2.2294101e+02
  -3.5385626e+01   1.0213193e+02   1.3241193e+02
   1.8473016e+02   1.3281891e+02   1.4734705e+02
   2.5834014e+02   4.6133502e+01   2.5904674e+02
   2.3587214e+02   1.3226035e+02   2.2798183e+02
  -1.9918755e+01   4.4918210e+01   2.0650541e+02
  -3.5426819e+01   4.6660484e+01   2.9319495e+02
   7.3029143e+01   1.4207895e+02   7.8794395e+01
   7.8634047e+01   9.1779832e+01   5.2692410e+01
  -8.3790190e+01   1.3329850e+02   1.8119878e+02
   2.3747655e+02   5.6776610e+01   9.5895868e+01
   2.8161472e+00   1.0366275e+02   4.3900759e+01
   6.2400394e+00   8.8489338e+01   5.4344042e+01
   1.6245539e+02   7.7142049e+01   3.2161944e+02
   6.1139167e+01   1.3707702e+02   1.4273492e+02
  -2.1540610e+01   4.6301183e+01   1.3481357e+02
   1.5077583e+02   1.0156767e+02   3.7101700e+01
  -7.6827940e+01   5.0648458e+01   3.3462455e+02
   7.1955139e+01   8.3116029e+01   2.6617492e+02
   8.2411437e+01   1.2468080e+02   1.0673667e+01
   1.0305878e+01   8.2028428e+01   1.3122001e+02
   1.9838062e+02   8.8020421e+01   1.1736603e+02
   1.2977628e+02   1.1455393e+02   2.1434647e+02
   6.2542580e+01   3.2518976e+01   3.2108078e+02
   2.5390631e+02   4.3222951e+01   1.8277760e+02
   7.6546822e+01   1.0118567e+02   1.0364346e+02
  -4.9936800e+00   9.7195173e+01   1.3346467e+02
   7.3461721e+01   1.3520333e+02   7.7037385e+01
   2.4757099e+02   3.5041625e+01   2.6695127e+02
   2.3854940e+02   9.1881009e+01   1.7156344e+02
   1.2801570e+02   1.0047066e+02   1.4930904e+02
   6.9832274e+01   1.3211043e+02   3.5578972e+02
   2.6469453e+02   1.3579674e+02   1.8178917e+02
   2.2658770e+02   6.6538732e+01   2.9797007e+02
   9.3752541e+01   4.1900957e+01   2.6279012e+02
  -8.6815792e+00   8.7069491e+01   2.3116565e+02
   8.7740365e+01   1.2042686e+02   1.7905789e+02
   8.9429452e+01   1.3319745e+02   8.4671058e+01
   2.6309733e+01   4.7133155e+01   1.8880124e+02
   2.6111131e+02   1.2598075e+02   8.5948411e+01
   1.8528398e+02   8.4646612e+01   2.2600409e+02
   7.8846058e+01   1.2234635e+02   3.7675510e+00
   2.6184224e+02   4.2802371e+01   1.8484899e+02
   1.8792235e+02   1.2819655e+02   1.7144818e+02
   8.6143994e+01   3.7295688e+01   2.9024626e+02
   3.6714820e+01   4.2872430e+01   3.0988319e+02
   1.8913643e+02   9.8163898e+01   1.5154132e+02
   2.2248383e+01   7.6495965e+01   4.7037599e+01
  -6.9174847e+00   1.0483859e+02   4.7102276e+01
   2.0133477e+02   9.6632136e+01   4.4844791e+01
  -1.7984517e+00   9.3562353e+01   2.3979478e+02
   2.5703275e+02   1.4670924e+02   2.4363030e+02
   9.8961472e+01   7.2066131e+01   4.7579918e+01
   4.0901595e+01   1.3974067e+02   2.3497676e+02
   9.2017327e+01   3.9461522e+01   2.8598894e+02
   3.3396430e+00   1.0535824e+02   4.5932494e+01
   1.4007524e+02   6.4909260e+01   3.5216170e+02
  -2.0154126e+01   1.4257209e+02   2.1190829e+02
  -8.5283241e+01   3.6669183e+01   1.7768834e+02
   1.7343591e+02   8.2275280e+01   1.5020410e+02
  -8.9918757e+01   3.9098060e+01   1.8210828e+02
   4.6343846e+00   6.1662834e+01   3.2261525e+00
  -4.2765574e+00   3.3077221e+01   3.2250328e+02
   9.8047893e+01   4.0604067e+01   3.5110288e+02
   2.0140775e+02   1.0504024e+02   3.5690998e+02
   8.5839616e+01   1.2025266e+02   3.5508272e+02
   6.2313010e+01   6.5286668e+01   3.3202074e+02
   1.3576534e+02   1.0379478e+02   6.5576380e+01
  -1.3908638e+00   9.8212259e+01   3.2784853e+01
   2.9551402e+00   8.5836598e+01   1.1634946e+02
   2.6102247e+02   1.3248423e+02   3.5690620e+02
   1.6726934e+02   9.5894111e+01   5.5514895e+01
  -2.5144473e+01   9.6302525e+01   2.0234772e+02
   2.0582067e+01   6.1139289e+01   4.5216470e+01
  -8.4578326e+01   4.2869991e+01   2.6459048e+02
   1.4669741e+02   1.2241317e+02   1.7997991e+02
   1.8366464e+02   8.9246963e+01   4.3975010e+01
  -7.8356486e+01   4.6366214e+01   1.7012977e+02
   1.6864109e+01   8.0340090e+01   3.1118719e+02
   2.6613041e+02   1.6629579e+02   1.3269478e+02
   7.2076259e+01   1.0053883e+02   3.2526745e+02
   2.4553943e+02   1.3635169e+02   7.9663315e+01
   3.6496850e+01   1.0348893e+02   2.2150933e+02
   1.2058548e+02   1.3545474e+02   2.7795661e+02
   2.2809594e+02   6.1333791e+01   2.6336558e+02
   2.0244944e+02   1.1051317e+02   3.5048022e+02
   2.5540140e+02   5.5558064e+01   8.7364054e+01
   1.5579850e+02   1.0353927e+02   2.8490745e+02
   1.7692188e+02   9.2264918e+01   3.3146012e+02
   2.6789581e+02   1.2014732e+01   1.6565717e+02
  -1.0605200e+01   7.5759001e+01   2.7537265e+02
  -7.8589658e+01   1.3810576e+02   1.8072349e+02
   2.4086383e+02   1.0107227e+02   3.4995710e+02
   2.3222453e+02   1.2236940e+02   9.2171214e+01
   1.8118545e+02   8.7542502e+01   2.2052498e+02
   2.3073756e+02   2.1370492e+01   3.2966624e+02
   1.0075896e+02   5.3767825e+01   1.7963323e+02
   2.4099868e+00   1.0100697e+02   1.4731745e+02
   1.1766158e+01   1.3526538e+02   1.2045235e+02
   2.2595461e+01   1.0141799e+02   6.5323161e+01
   9.5807729e+01   8.6324801e+01   1.5636176e+02
   5.1199868e+01   4.3978515e+01   3.0560379e+02
   2.4332899e+02   1.4294997e+02   2.7380641e+02
  -8.1215156e+01   2.6124688e+01   2.5501759e+02
   1.0229928e+02   8.0702896e+01   3.2988905e+02
   1.5464908e+02   1.4228143e+02   1.8064321e+02
  -6.9775563e+00   9.0778642e+01   2.2341556e+02
  -4.9514447e+01   7.8945376e+01   1.3490035e+02
   1.2837280e+02   9.2509240e+01   2.7776816e+02
  -9.3568693e+00   7.2853084e+01   3.1852917e+02
   1.0685692e+01   5.0758931e+01   6.8315054e+01
  -4.8479493e+01   8.1523455e+01   1.7171800e+02
   2.2436244e+02   1.2536289e+02   2.0921765e+02
   1.5090769e+02   9.7925987e+01   3.0864859e+02
  -3.8106972e+01   9.7724589e+01   2.4172413e+02
   7.9081981e+01   1.2955721e+02   2.6000489e+02
   1.9087445e+02   4.2057897e+01   6.9641316e+01
   5.0088003e+01   6.0396814e+01   3.3606537e+02
   9.7124346e+01   1.2555950e+02   2.7475660e+02
   2.3366523e+01   1.0192994e+02   2.1561554e+02
  -6.9518362e+01   3.5304215e+01   3.3649606e+02
   2.2000018e+02   1.3184163e+02   2.3540231e+02
   1.9390076e+02   8.6524278e+01   4.0958046e+01
   9.3930001e+01   1.3418997e+02   2.6467688e+02
   2.3946855e+02   8.5200707e+01   1.3515434e+02
   8.2413441e+01   1.4221493e+02   2.6257528e+02
   8.2739086e+01   5.0889441e+01   8.5828953e+00
   8.3977050e+01   5.4297367e+01   1.9154665e+02
   8.0410397e+00   1.6363592e+02   1.1810533e+02
   2.6676302e+02   4.1533146e+01   2.5587498e+02
   8.7051426e+01   3.3642689e+01   1.1300130e+00
  -8.3479735e+00   8.3290191e+01   3.2109921e+02
   2.1760191e+02   1.3940422e+02   1.1561004e+01
   9.3107561e+01   5.9566802e+01   8.4314639e+01
  -6.6151589e+01   7.4441137e+01   1.5784142e+02
   1.7692197e+02   8.2192925e+01   1.5245716e+02
  -8.6033735e+01   1.2500794e+02   1.8974253e+02
   1.3832862e+02   9.1743610e+01   2.9559902e+02
   2.2635189e+02   8.2447820e+00   2.3482743e+02
   9.3512316e+01   1.1843048e+02   8.2521641e+01
   8.9671996e+01   1.3328633e+02   2.6366568e+02
  -4.7965129e+01   7.1461985e+01   3.5800957e+02
   2.4176698e+02   1.9152233e+01   2.1595417e+02
   9.0100802e+01   5.4495983e+01   3.5653250e+02
  -8.6866011e+01   4.8081242e+01   2.6382076e+02
   1.2775131e+02   4.0411585e+01   1.8672174e+02
  -8.8693924e+01   3.6041324e+01   3.5013947e+02
   1.7929066e+02   1.0179561e+02   3.2666701e+02
  -7.0260816e+01   4.2538053e+01   3.3489527e+02
  -6.4765068e+00   7.9285499e+01   3.5648455e+01
  -7.3776545e+01   6.5848437e+01   2.5994143e+01
  -7.7503021e+01   1.4643762e+02   2.3866292e+02
  -4.4321170e+01   9.6687087e+01   1.4763941e+02
   2.2152845e+02   1.7738170e+02   9.3541465e+01
   9.8670466e+01   6.9068925e+01   2.7490659e+02
  -8.3718727e+01   1.2192402e+02   9.9592577e+01
  -1.8260053e+00   9.0890212e+01   4.3829779e+01
   7.9599983e+01   1.2595289e+02   9.8473302e+01
  -2.2262816e+01   5.6655605e+01   3.1705632e+02
   2.6586058e+02   3.7697712e+01   2.7438858e+02
  -7.4283299e+01   4.3300970e+01   1.1689240e+00
  -5.9996822e+01   3.4537566e+01   1.9741002e+02
   9.5905866e+00   1.0694784e+02   1.6252679e+02
   2.6756312e+02   1.3125914e+02   1.7378511e+02
   9.5701227e+01   3.2651142e+01   2.6943093e+02
  -5.3769978e+01   8.4970679e+01   3.3669436e+02
   2.3085362e+02   7.2161966e+01   3.0028835e+01
   9.3766436e+01   4.5442121e+01   3.5562009e+02
   2.2146289e+02   1.3016035e+02   1.3249487e+02
   1.3802620e+01   1.4169831e+01   1.1927458e+01
   9.7257755e+01   5.8395072e+01   1.1504792e+01
  -4.6142825e+01   1.7400721e+02   1.6561643e+01
   1.7364565e+02   1.2747830e+02   2.3061239e+02
  -3.0575439e+00   9.3640726e+01   1.8366713e+02
   1.7585474e+02   8.0926742e+01   1.4109052e+02
   2.6013856e+02   1.2782888e+02   1.5124923e+02
   8.6406301e+01   4.7986208e+01   7.6673470e+01
  -6.5080716e+01   8.3467144e+01   2.0224725e+02
   1.1431333e+01   9.4625056e+01   4.0657564e+01
   2.6737256e+02   1.3839032e+02   1.6662121e+01
   3.7610300e+01   1.1945845e+02   1.0132170e+02
  -1.0907499e+01   8.6755163e+01   1.3414052e+02
   1.8881087e+02   9.9511798e+01   3.1576134e+02
  -8.2913044e+01   5.1842901e+01   3.5646778e+02
   6.2303302e+01   8.1384396e+00   2.4434220e+02
   2.6488152e+02   4.7568281e+01   2.9275669e+02
   8.8708292e+01   9.6126012e+01   2.2567077e+02
   1.7082225e+02   1.5280090e+02   2.5522024e+02
   2.4188315e+02   6.6867761e+01   2.2153199e+02
   2.5964161e+02   1.2188982e+02   2.6268932e+02
   1.1336909e+02   1.2648210e+02   1.0399863e+02
   9.3008025e+01   5.4199445e+01   2.7720501e+02
   1.5888144e+02   1.2164636e+02   1.6184583e+02
   1.9666775e+02   1.1361710e+02   2.6189525e+02
   2.1140904e+02   1.1920294e+02   3.5453313e+02
   9.0641664e+01   1.3619744e+02   7.7070454e+01
  -7.3062066e+01   1.4566030e+02   1.9241138e+02
  -6.8226761e+00   8.6371158e+01   3.1466950e+02
   2.1832959e+02   8.2250317e+01   2.8075739e+02
   5.5095334e+01   1.1788683e+02   3.5695007e+02
   1.1273756e+02   1.5938223e+02   2.2917138e+02
  -8.5426749e+01   7.3729439e+01   9.8378506e+01
   1.9273429e+02   7.8357538e+01   2.1710875e+02
   1.0042444e+02   5.2129463e+01   7.6322026e+01
  -8.6892721e+01   1.3350043e+02   1.8989204e+02
   9.5832721e+01   4.5003606e+01   7.7598888e+01
   8.4794844e+01   1.2816057e+02   2.2897453e+02
   2.9462342e+01   6.7924750e+01   3.2799089e+02
   1.1121290e+02   4.3426180e+01   2.3529450e+02
   9.8730760e+01   1.1227383e+02   2.2163123e+02
   8.9062973e+01   1.2325972e+02   7.2053707e+01
   1.9667736e+02   9.8453377e+01   3.3971936e+02
   1.5067888e+02   1.0370746e+02   9.2064255e+01
   1.8133641e+02   7.5393216e+01   2.3208999e+02
   2.0324419e+02   7.5560158e+01   7.1354123e+01
   2.4826926e+02   5.5312856e+01   1.5979323e+02
   1.2753124e+02   7.9090741e+01   3.1578181e+02
   2.6616125e+02   3.2914311e+01   3.9869459e+00
   1.7396545e+02   9.6374336e+01   6.3032225e+01
   6.8517460e+01   7.2353050e+01   1.2542045e+02
   1.7587701e+02   7.9405619e+01   2.2704973e+02
   1.7635977e+02   7.9696527e+01   3.8707924e+01
   1.5315549e+00   1.3297621e+02   2.7530477e+02
   5.4068749e+01   1.5631021e+02   3.2265963e+02
   1.9196206e+02   1.3654798e+02   6.7911444e+01
   1.6725600e+02   1.1576412e+02   2.4246809e+02
   1.7410363e+02   9.1267664e+01   1.4376509e+02
   1.7670407e+02   9.1390935e+01   3.0247440e+01
   6.8713385e+01   3.5144577e+01   2.8542117e+02
   1.4996349e+02   5.9079396e+01   1.8572033e+02
   8.8234451e+01   1.4144756e+02   9.0220933e+01
   1.8937933e+02   7.8842649e+01   3.1737461e+02
   7.7573053e+01   1.3111778e+02   8.5036420e+01
   4.2174328e+01   9.9785267e+01   3.1030682e+02
  -2.5455067e+01   1.3512921e+02   1.0733578e+02
   6.9369933e+01   6.2093283e+01   1.0918689e+02
   8.3306907e+01   1.4040199e+02   1.6092965e+02
   8.8901625e+01   5.2361980e+01   2.7451827e+02
   2.0289560e+02   7.0183904e+01   7.9597581e+01
  -3.5729232e+01   7.4279866e+01   5.0340258e+01
  -8.2550606e+01   8.5084205e+01   3.4524422e+02
   2.0110870e+02   1.1972674e+02   2.4504583e+02
   3.6941674e+01   1.4845168e+02   2.8972595e+02
  -8.5253699e+01   4.1597294e+01   3.3552218e+02
   1.8621074e+02   9.1463161e+01   3.2917806e+02
  -8.0827653e+01   1.4111931e+02   8.7133202e+01
  -6.9464046e+01   3.7317391e+01   2.6716465e+02
  -1.3413455e+00   9.3239128e+01   1.3230298e+02
  -1.0388927e+01   1.0304032e+02   1.9303423e+02
   1.6994266e+02   8.7604529e+01   5.5214991e+01
   9.3583918e+01   1.3553006e+02   1.7931654e+02
  -8.7163319e+01   4.7855913e+01   9.8494576e+01
   1.7809060e+02   7.6602751e+01   2.2399131e+02
  -8.9522831e+01   3.1154494e+01   1.8966499e+02
