   2.7588340e+02   8.8450883e+01   3.3303037e+02
   1.7203425e+01   1.0337791e+02   1.5948597e+02
   1.9431957e+01   6.6959490e+01   3.2361831e+02
   9.8824924e+01   1.1522173e+02   3.6909044e+01
   1.5175744e+02   6.2529459e+01   2.6351060e+02
   2.8365606e+01   4.5599402e+01   5.9040792e+01
   7.4224923e+00   7.5178511e+01   1.2731004e+02
   2.4533227e+02   9.5694469e+01   4.3264123e+01
   2.0202274e+02   1.5553281e+02   3.1077762e+01
   2.1084687e+02   4.2668211e+01   3.3536710e+02
   2.4842211e+02   5.6360302e+01   1.3539598e+02
   2.1550627e+02   9.3024566e+01   2.0487997e+02
   4.1050812e+01   2.5919023e+01   3.1501178e+02
   9.7138348e+01   6.4820313e+01   1.3505098e+02
   2.8389683e+01   5.5416970e+01   2.3232989e+02
   2.8664833e+02   1.4640866e+02   1.2548699e+02
   2.2242621e+02   1.1612571e+02   1.5091562e+01
   7.4855062e+01   6.5454050e+01   1.5253021e+02
   2.5276869e+01   9.6083942e+01   5.1242299e+01
   1.0303784e+02   6.3800977e+01   3.0418922e+01
   1.9771648e+02   1.5568867e+02   2.1100456e+02
   1.0847066e+01   1.3026837e+02   3.1221404e+02
   9.2675467e-01   1.4471226e+02   3.6166235e+01
   3.4403742e+02   1.2082800e+02   7.5669104e+01
   2.4940430e+01   7.9913048e+01   2.7573421e+01
   4.8962660e+01   4.0951183e+01   2.6658957e+02
   2.8400088e+02   9.3543077e+01   1.6434905e+02
   3.2174524e+01   1.3748111e+02   2.9662144e+02
   3.2115193e+02   1.0641668e+02   4.4347522e+01
   1.7779980e+00   1.4735327e+02   1.5143354e+02
   3.3263445e+01   9.7190172e+01   2.4056975e+02
   1.9327525e+02   1.2144234e+02   3.1654409e+01
   8.5632765e+01   6.0503534e+01   2.5172859e+02
   8.7713249e+01   9.3679719e+01   2.0568860e+02
   3.7735997e+01   4.3808735e+01   2.2632960e+02
   3.0900699e+02   9.3840316e+01   3.1599501e+02
   2.9792611e+02   9.5103262e+01   2.5237751e+02
   3.0867352e+01   6.2697653e+01   5.9410114e+01
   2.5135192e+02   9.0217210e+01   2.3844663e+02
   2.6414717e+02   9.1440493e+01   3.1514890e+02
   2.3419102e+02   1.2275599e+02   1.6830613e+02
   1.8585740e+02   1.4598545e+02   5.0880970e+01
   2.7813413e+01   1.4400464e+02   1.2550129e+02
   1.1749973e+02   1.4990936e+02   2.4528405e+01
   2.3823943e+02   3.9033137e+01   2.5712727e+02
   3.3002465e+02   6.1442734e+01   2.1125984e+02
   2.9344518e+02   1.1488856e+02   1.5275417e+02
   4.2323574e+01   1.2225340e+02   1.1087497e+02
   5.3214269e+01   4.3681389e+01   2.4161903e+02
   3.5725552e+02   1.2552553e+02   3.2871480e+02
   7.1152789e+00   6.4946130e+01   2.3487150e+02
   2.7794610e+02   5.9506920e+01   1.2257416e+02
   1.6134970e+02   5.9861550e+01   1.7251425e+01
   3.4714502e+02   4.1787105e+01   1.9117758e+02
   3.4933424e+02   2.8835976e+01   2.5743853e+02
   1.7623423e+01   4.3697865e+01   2.2123357e+02
   1.6162313e+02   1.2866864e+02   3.4304142e+02
   4.4589783e+01   1.3610581e+02   1.8173182e+02
   1.6826761e+02   1.0225129e+02   1.7567977e+02
   2.3640984e+02   1.6028253e+01   1.7922179e+02
   2.1605664e+02   3.2233976e+01   2.2694569e+02
   1.0446680e+02   7.3166705e+01   3.3695120e+02
   2.7163319e+02   3.7550210e+01   1.4014141e+02
   1.6640726e+02   1.4197612e+02   6.3137099e+01
   2.0092250e+02   9.2036674e+01   4.2172260e+01
   1.5400533e+02   1.6636419e+02   8.6552479e+01
   3.3002778e+02   5.3952823e+01   1.3331259e+02
   3.5817133e+01   1.1495363e+02   2.8788872e+02
   9.6189861e+01   7.5773207e+01   2.4656706e+02
   2.5112069e+02   6.9240382e+01   3.3240292e+02
   3.2970564e+02   6.5367873e+01   2.9394717e+02
   1.7808178e+02   4.3431430e+01   2.5398442e+02
   2.7134499e+02   1.2253463e+02   3.0213130e+02
   3.2341548e+02   8.6854720e+01   3.4925207e+02
   2.6223985e+02   6.3257348e+01   7.7461061e+01
   1.4645885e+02   7.7594353e+01   2.7372360e+02
   3.3779370e+02   7.9820483e+01   2.1027703e+02
   9.1953884e+01   9.7650519e+01   1.4506257e+02
   2.6945815e+02   7.0829520e+01   1.4960550e+02
   3.2736227e+01   1.1040079e+02   1.1593621e+02
   1.9193877e+02   1.2077408e+02   1.8361452e+02
   6.9930125e+01   1.1504408e+02   1.1915060e+02
   2.5829059e+02   1.1097458e+02   2.9527206e+01
   3.4371175e+02   9.8168184e+01   1.7843192e+02
   3.8384862e+01   1.2801684e+02   1.2760577e+02
   1.5489629e+01   1.1471856e+02   2.9853664e+02
   3.2233052e+02   1.2052455e+02   1.4783320e+02
   9.0997236e+01   1.1249991e+02   1.3440075e+02
   9.6389113e+01   1.6841992e+02   2.3449260e+02
   9.0030463e+01   7.7429373e+01   2.6773421e+02
   3.3396218e+02   2.3658944e+01   1.0870325e+02
   3.4533584e+02   3.4394639e+01   3.0373663e+02
   2.4689645e+01   1.4400877e+02   3.2260297e+01
   1.0778414e+02   1.5825144e+02   2.9734757e+02
   2.1297007e+02   3.9423766e+01   1.4025132e+02
   7.3187692e+01   1.2040555e+02   2.7910975e+02
   3.4076086e+01   1.1727920e+02   2.7524375e+02
   3.2777597e+02   1.3442417e+02   1.2915760e+02
   2.2891795e+02   1.6916417e+02   6.4572874e+01
   2.8741329e+02   5.0961641e+01   3.9370035e+01
   1.8061238e+02   1.3597207e+02   3.2585700e+02
   8.3681884e+01   1.0660287e+02   3.0765211e+02
   8.4341907e+01   1.2639405e+02   2.7706816e+01
   3.4093793e+02   4.9604088e+01   1.0174640e+02
   3.4860811e+02   3.0928578e+01   7.1364212e+01
   2.3429237e+02   4.0559345e+01   3.1548636e+02
   2.1587851e+02   1.1595100e+02   1.3398284e+02
   2.8654379e+02   1.4402237e+02   3.5992532e+02
   8.4014557e+01   1.0715033e+02   3.1113169e+02
   2.9506244e+02   1.0408692e+02   2.4466076e+02
   2.0670499e+02   4.9443240e+01   1.3760508e+02
   2.0009138e-01   1.3708424e+02   4.2654433e+00
   3.2551918e+02   1.3003920e+02   6.6769738e+01
   2.1630202e+02   7.9231506e+01   1.3275908e+01
   1.4450896e+02   2.8180307e+01   1.4717863e+02
   4.1113657e+00   1.5370254e+02   2.1552300e+02
   1.8122382e+02   2.7757286e+01   2.3605339e+02
   2.6832488e+02   9.9369280e+01   2.1077605e+02
   4.0486456e+01   8.0191059e+01   1.9608568e+02
   2.6024260e+02   6.5721498e+01   3.2610914e+02
   1.8567564e+02   7.0405355e+01   3.5914183e+02
   3.2610582e+02   1.2282904e+02   2.3730623e+02
   2.1185738e+02   1.1523592e+02   3.0353579e+02
   2.0596488e+02   1.2389311e+02   2.1422612e+02
   3.0162265e+02   7.2779236e+01   1.8396294e+02
   3.3148444e+02   9.7658124e+01   3.1446438e+02
   2.2029417e+02   5.2100185e+01   4.1770631e+01
   1.4364400e+02   1.0787413e+02   2.4347950e+02
   1.7936205e+02   1.3609433e+02   2.5279730e+01
   2.4707227e+02   8.1063913e+01   2.4721884e+02
   5.2796598e+01   3.9296675e+01   2.6995394e+02
   9.9940004e+01   5.9744359e+01   3.5551395e+02
   2.3490719e+02   1.2109285e+02   3.3217683e+02
   3.3022757e+02   7.2487213e+01   2.0313393e+02
   1.8354220e+02   4.4377439e+01   1.5532634e+02
   3.5070893e+02   1.4622829e+02   1.2162404e+02
   3.5068046e+01   1.3590126e+02   3.3664880e+01
   3.3319252e+02   1.1936350e+02   2.5388697e+02
   7.2594782e+01   7.6978169e+01   6.1341547e+01
   7.1020419e+01   1.9234474e+01   2.5946043e+02
   4.0026594e+01   1.5956685e+02   4.9160040e+00
   1.0704755e+02   4.7870458e+01   1.3466167e+02
   1.4271067e+02   4.7822726e+01   3.3216668e+02
   1.1442260e+02   6.5752889e+01   1.2803055e+02
   3.3312172e+02   1.2338377e+02   1.6771794e+02
   1.5147205e+02   1.5419555e+02   1.9673267e+02
   1.8478152e+02   1.3184508e+02   1.5993028e+02
   3.4425915e+01   3.4305903e+01   3.1050812e+02
   1.1213113e+02   8.4734419e+01   1.7059927e+02
   3.5461893e+02   4.5766588e+01   2.7711036e+01
   2.6025266e+01   1.3995827e+02   2.3121518e+02
   2.4978354e+02   2.7583164e+01   1.7875343e+02
   3.3073860e+01   1.1091937e+02   1.1122959e+02
   1.4475190e+02   5.2198074e+01   3.4230152e+02
   1.0626509e+02   7.8299402e+01   3.5351758e+02
   1.1033884e+02   5.4602829e+01   1.8488272e+02
   3.8002007e+01   5.3246749e+01   3.5733233e+02
   1.0660739e+02   6.0420310e+01   2.3326011e+01
   7.9200393e+01   1.0614287e+02   4.0732947e+01
   9.5283606e+01   1.0606006e+02   5.2845584e+01
   2.1377794e+02   1.5427272e+02   1.6410373e+02
   2.6400265e+02   1.1312050e+02   1.0844070e+02
   6.8196112e+01   1.1344716e+02   1.1009460e+02
   8.0849681e+01   7.8935605e+01   1.5297818e+02
   1.0178191e+02   1.1569642e+02   1.5337472e+02
   5.5879784e+01   7.2126669e+01   7.6757320e+01
   2.3712033e-01   9.1185495e+01   6.9569813e+01
   1.0209435e+02   1.8967257e+01   2.9979153e+02
   1.9829191e+02   6.0199613e+01   2.6158936e+02
   3.1352479e+02   8.2201924e+01   1.9070845e+02
   2.6950328e+02   1.0000625e+02   1.5141109e+02
   2.6106101e+02   7.4693356e+01   2.1696031e+02
   1.5211233e+01   1.1370775e+02   2.9846907e+02
   2.6789463e+02   8.0243809e+01   2.2764295e+02
   3.2569991e+02   1.1919480e+02   1.8427480e+02
   2.0171311e+02   6.7261898e+01   2.4655457e+02
   3.1243917e+01   6.6445161e+01   3.2024450e+02
   2.8508491e+02   7.1805867e+01   1.1472044e+02
   2.9555146e+02   9.9764829e+01   1.4895437e+02
   4.7150671e+01   3.9364420e+01   1.9870626e+02
   5.3255304e+00   1.0462339e+02   2.0604268e+02
   3.0014242e+02   9.6107733e+01   7.6782562e+01
   2.8816861e+02   5.0804051e+01   2.1161543e+02
   3.5754105e+02   3.6014273e+01   1.6115766e+02
   1.5826587e+01   1.3275819e+02   2.4146585e+01
   3.3043683e+02   1.4344884e+02   5.1394761e+01
   2.8887434e+02   1.1096959e+02   2.3552209e+02
   4.9429317e+01   4.4012609e+01   1.8800470e+01
   3.3748739e+02   3.6217305e+01   2.2492511e+02
   1.8938595e+02   5.2475251e+01   3.3386288e+02
   1.3292377e+02   4.2941413e+01   1.4327906e+02
   1.8170363e+02   1.6086380e+02   2.4599085e+02
   1.4578505e+02   3.7030706e+01   2.1908141e+02
   6.2485978e+01   3.6882214e+01   7.9076137e+01
   2.8625623e+01   1.2796238e+02   1.2467450e+02
   2.0706610e+02   8.7236584e+01   1.4626078e+02
   2.1823846e+02   1.3942903e+02   2.2676686e+02
   7.7200467e+01   1.3012159e+02   1.9991074e+02
   3.4488869e+02   1.3391972e+02   5.8478693e+01
   2.4745951e+01   1.2152456e+02   2.0292822e+02
   9.5845752e+01   8.7475821e+01   2.0855983e+02
   1.8717561e+02   6.5655934e+01   4.5928462e+01
   3.5610689e+02   4.8492390e+01   6.0911399e+01
   1.7658580e+02   4.4602238e+01   1.0791523e+02
   1.7636946e+02   1.5848668e+02   3.5979052e-01
   2.0703443e+02   1.3122151e+02   1.3332674e+02
   2.5015436e+02   5.8957255e+01   1.5053849e+02
   1.4811186e+02   2.3904186e+01   1.7585484e+02
   1.2519626e+01   1.0831608e+02   5.7552784e+01
   7.8041717e+01   7.7125302e+01   1.4600866e+02
   1.0541936e+02   7.3949326e+01   2.4006189e+02
   1.0626344e+02   1.0434286e+02   3.3102800e+02
   2.1646940e+02   1.1472633e+02   2.4615282e+01
   2.8851903e+02   1.0829975e+02   6.4513329e+00
   8.1775017e+01   6.0074667e+01   2.3715953e+02
   1.2474072e+02   1.2454527e+02   4.3083128e+01
   2.9993740e+01   5.5082157e+01   3.4276511e+02
   1.8399829e+02   6.3501146e+01   3.5130743e+02
   2.0517667e+01   4.6170103e+01   6.4536728e+01
   1.3206003e+02   1.1625214e+02   1.1129234e+01
   2.6621262e+02   8.0510732e+01   1.7779746e+02
   1.8890646e+02   9.9090157e+01   3.1057997e+02
   1.1178959e+02   6.8887943e+01   2.0177228e+02
   2.8962752e+02   1.4467274e+02   8.7435420e+01
   2.9408802e+02   1.6216554e+02   3.0033726e+02
   3.0091727e+02   6.7171565e+01   4.1203276e+01
   6.8209733e+01   9.1014669e+01   2.9289283e+02
   3.1007948e+02   6.4579073e+01   3.1984397e+02
   3.2721626e+02   5.8914600e+01   1.2064098e+02
   1.7811483e+02   1.3209076e+02   3.2357515e+01
   4.4529644e+01   1.1632523e+02   2.2643032e+02
   2.6035739e+02   1.0994278e+02   3.1608422e+02
   2.5621296e+02   6.8837777e+01   2.3163738e+02
   1.5616757e+02   1.3178278e+02   1.2132571e+02
   2.9555873e+02   1.0869230e+02   8.0575148e-01
   2.2964314e+02   1.1516970e+02   1.3670062e+02
   3.2882442e+01   4.4519392e+01   1.4380507e+02
   5.8031287e+00   1.3116225e+02   3.2558605e+02
   3.2254367e+02   1.0162313e+02   2.4492660e+02
   2.9898931e+02   7.0054608e+01   3.5185988e+01
   2.5131945e+02   6.7898842e+01   3.2392479e+02
   7.3283226e+01   9.9449156e+01   1.1796686e+02
   1.4254817e+02   4.4750698e+01   5.9822338e+01
   2.0979167e+02   4.8060362e+01   2.7904895e+01
   9.0258877e+01   6.2071087e+01   1.4348925e+02
   1.8553502e+02   6.6715368e+01   1.3637633e+02
   2.2326309e+02   6.6845747e+01   1.4615864e+02
   1.9602790e+02   1.2634508e+02   2.2750370e+02
   2.1831919e+02   7.0570120e+01   8.7577028e+01
   1.9054105e+02   1.2348142e+02   2.9456118e+01
   1.8002223e+02   1.4552076e+02   2.5398320e+02
   3.1007019e+01   1.3366375e+02   3.1548633e+02
   9.3604943e+01   6.1409522e+01   2.2064726e+02
   3.6656599e+00   4.9803468e+01   9.4291539e+01
   3.5645406e+02   1.4025355e+02   5.3198820e+01
   2.7375704e+02   9.6538327e+01   2.0570871e+02
   3.0792487e+02   9.7666657e+01   3.5342236e+02
   2.1211976e+02   6.6530689e+01   3.2830596e+02
   2.5167520e+02   1.2914189e+02   3.0721001e+02
   1.3783264e+02   1.3050551e+02   3.0588553e+02
   3.4270560e+02   1.3314658e+02   1.5378178e+02
   3.3152817e+02   6.8762981e+01   2.1374191e+02
   6.9630223e+00   1.2725815e+02   1.0289646e+02
   3.0473708e+01   1.2784993e+02   1.0203991e+02
   1.0493988e+02   7.9153965e+01   2.0881033e+02
   2.6419439e+02   7.6535511e+01   2.4568476e+02
   2.5004031e+02   6.7506733e+01   6.7810413e+01
   3.2301741e+02   4.6330740e+01   3.3081890e+02
   1.1951616e+02   1.1751487e+02   1.2892483e+02
   3.0230983e+02   8.3145071e+01   3.5529364e+02
   1.3382039e+02   2.7180990e+01   3.0235066e+01
   2.9815750e+02   6.4599484e+01   9.0110119e+01
   2.0105289e+02   1.4099491e+02   2.2812708e+02
   3.4162091e+02   1.3613120e+02   3.2024540e+02
   1.0395692e+02   1.1263365e+02   1.3825561e+02
   1.4523370e+02   1.0930879e+02   1.4876296e+02
   2.4773409e+02   8.1762457e+01   5.9076927e+01
   6.3546706e+01   6.8995620e+01   2.9208478e+02
   1.8776618e+02   1.4289907e+02   1.1354608e+02
   3.4980538e+02   6.4383630e+01   1.9851275e+02
   4.6627150e+01   2.3254361e+01   3.0392317e+01
   3.1675809e+02   5.6587105e+01   1.9125143e+02
   1.5868486e+01   7.7557840e+01   2.8822427e+02
   1.9339335e+02   3.5843880e+01   3.2350526e+02
   2.4721921e+02   2.6362224e+01   2.6597637e+02
   2.6415825e+02   1.5172895e+02   5.0998673e+01
   1.5738208e+02   1.1755341e+02   1.5764193e+02
   1.3674201e+02   1.3254791e+01   1.2613693e+02
   2.7231177e+02   6.4888219e+01   2.1733546e+02
   1.7045683e+02   1.2962174e+02   3.2391653e+02
   1.0596287e+02   8.5680902e+01   3.0641869e+02
   1.9814465e+02   1.2872640e+02   2.7276293e+02
   1.0400083e+01   1.4709271e+02   4.7877123e+01
   1.6198768e+02   3.5186115e+01   2.1367784e+02
   3.5267668e+02   5.7015409e+01   1.7225910e+02
   7.8645615e+01   1.1350813e+02   1.1961422e+02
   1.5403863e+02   1.1683911e+02   2.5328303e+02
   1.5159485e+02   5.2607326e+01   1.2395770e+02
   1.9091810e+02   1.2423960e+02   9.9053422e+01
   1.4363763e+02   9.2825334e+01   2.1146522e+02
   3.4430356e+02   1.2127733e+02   2.5340202e+02
   2.9074504e+02   1.1037770e+02   2.3323186e+02
   1.2450981e+01   1.2145415e+02   2.1331039e+01
   2.6841770e+01   1.1916936e+02   2.4409265e+01
   1.5846729e+02   6.8789273e+01   5.2490050e+01
   5.6450840e+01   9.9562913e+01   3.2591902e+02
   1.1737234e+02   1.0386893e+02   2.3046993e+02
   1.1306229e+02   1.2499180e+02   5.8658246e+01
   3.2202024e+02   1.0353999e+02   2.0372781e+02
   8.8928705e+01   1.6016345e+02   3.3538181e+02
   1.0182332e+02   8.7234454e+01   2.2173961e+02
   2.9328007e+01   7.3768029e+01   1.4722344e+02
   1.1184445e+02   9.3173395e+01   2.8191668e+02
   2.0864434e+02   1.5022140e+02   3.1624730e+02
   1.4719281e+02   1.0946644e+02   2.4684737e+02
   2.0574225e+02   1.2692826e+02   9.3186995e+01
   3.3986483e+02   5.2715892e+01   2.9105156e+02
   2.0377257e+02   1.3166821e+02   1.1803538e+02
   2.5488392e+02   1.7882244e+01   1.6783894e+02
   5.1709534e+01   8.3633546e+01   9.3714514e+01
   7.2350337e+01   1.1113056e+02   2.0673986e+01
   3.1367594e+02   4.6163147e+01   2.0493654e+02
   3.3351547e+02   1.4409429e+02   4.5166499e+01
   1.7146365e+02   1.3947958e+02   6.4123965e+01
   2.9936123e+01   1.0059543e+02   8.9557439e+01
   1.6622562e+02   9.4356595e+01   1.1494857e+02
   1.0940049e+01   4.9261065e+01   3.2788880e+02
   1.0071416e+02   6.7322794e+01   2.7365398e+01
   3.3775746e+02   3.6744992e+01   1.4714623e+02
   3.3374732e+02   1.0862315e+02   1.5952191e+02
   2.7115219e+02   1.0763507e+01   3.1867921e+02
   2.5201536e+02   8.7254751e+01   2.8605219e+02
   7.7224409e+01   3.1693166e+01   3.3329153e+02
   2.4476569e+02   6.1442288e+01   6.4382382e+01
   2.0062537e+02   8.2249469e+01   1.8631481e+02
   1.0844181e+02   1.0500634e+02   6.0267858e+01
   2.4709931e+02   5.2197050e+01   4.7962671e+01
   3.0624440e+02   2.0355023e+01   2.2572191e+02
   1.8915621e+02   1.3588992e+02   2.6335410e+02
   2.0108358e+02   4.9533839e+01   3.2874564e+02
   3.2463852e+02   2.3187893e+01   2.3902857e+02
   3.4995340e+02   2.9410532e+01   2.9001160e+02
   1.8183975e+02   3.6027275e+01   2.8809463e+02
   1.5102637e+02   7.2980801e+01   1.4010942e+02
   3.4029862e+02   4.2953633e+01   1.3143078e+02
   3.4891950e+02   4.9510857e+01   1.2506715e+02
   1.2892621e+02   1.0393689e+02   2.6640273e+02
   1.7603551e+02   9.2685327e+01   2.9434855e+02
   3.2939931e+02   1.0597908e+02   6.7580366e+01
   9.2146371e+01   3.4535042e+01   2.1612413e+02
   3.3450094e+02   1.6599919e+02   3.0598943e+01
   1.6803245e+02   1.3336254e+02   3.3204888e+02
   9.1442826e+01   9.3259840e+01   1.9295214e+01
   2.1323634e+01   1.3363994e+02   3.2581943e+02
   1.5523864e+02   8.5067424e+01   1.8972898e+02
   2.5291080e+02   1.5171699e+02   4.2787180e+01
   1.5453945e+02   3.9456673e+01   3.1875446e+02
   1.6997055e+02   4.0717233e+01   3.0770550e+02
   1.4483875e+02   7.1575146e+01   1.3685148e+02
   3.3851105e+02   3.1112592e+01   2.1660204e+02
   6.5462428e+01   3.8806159e+01   2.9261971e+02
   3.0825040e+02   1.4132790e+02   8.7874530e+01
   3.4995773e+02   1.2679644e+02   3.4675936e+02
   2.1031244e+02   9.7149213e+01   3.1839216e+02
   1.8663457e+02   1.2611831e+02   2.4422734e+02
   1.3448836e+02   1.1607452e+02   2.5655285e+02
   7.9810037e+01   1.3953291e+01   1.3613344e+02
   8.2840023e+01   6.3007906e+01   2.3443474e+02
   7.8837882e+01   7.7436739e+01   8.9611060e+01
   1.8800368e+02   1.1950514e+02   9.1027348e+01
   1.2438200e+01   4.8468483e+01   3.1716411e+02
   1.5603218e+02   1.3728783e+02   2.7620769e+02
   2.4263640e+01   1.1805401e+02   1.1515957e+02
   2.6686944e+02   8.4835830e+01   1.7950279e+01
   2.5361868e+01   4.9034243e+01   2.4670388e+02
   3.5326344e+02   1.1810179e+02   6.2106645e+01
   1.1643475e+02   1.1417309e+02   3.2719231e+02
   4.2354779e+01   5.9857521e+01   3.3794149e+02
   2.5434068e+02   6.1836035e+01   1.4071342e+02
   3.0504004e+02   4.7622485e+01   2.2330012e+02
   2.4475688e+02   4.8187331e+01   2.6880647e+02
   4.9194548e+01   1.2633953e+02   3.5181203e+02
   2.3577862e+02   6.6031116e+01   2.4197385e+02
   3.0902479e+02   8.4903388e+01   1.3820886e+02
   7.1940285e+01   4.1419544e+01   9.3674017e+01
   3.3792797e+02   1.2866732e+02   5.6907412e+01
   2.1864237e+02   1.3928818e+02   3.1588903e+02
   1.9549619e+02   4.4544853e+01   2.9019455e+02
   1.2257432e+01   1.5326576e+02   2.1954913e+02
   5.8436889e+01   3.6912654e+01   1.6600359e+02
   2.0351045e+00   1.2435160e+02   3.2746208e+01
   2.2780029e+01   6.0333534e+01   3.3035209e+02
   8.3476105e+01   1.0558055e+02   3.5264202e+01
   2.7773465e+02   1.4778373e+02   2.0313678e+02
   2.7532352e+02   9.2956036e+01   6.7457840e+01
   1.5158497e+02   4.7928695e+01   1.9140825e+02
   2.0452745e+01   9.3509440e+01   1.2781200e+02
   6.6438565e+01   1.2212838e+02   1.0653364e+02
   2.1086892e+02   9.9930887e+01   1.1332206e+02
   6.0674636e+01   6.9254550e+01   1.4437253e+02
   6.2695888e+01   8.9685300e+01   2.6162693e+02
   3.3032650e+02   1.4677739e+02   2.9491809e+02
   2.6229984e+02   1.3851421e+02   1.8567823e+02
   3.1875651e+02   5.7430682e+01   3.0368695e+02
   3.3999138e+02   1.2290249e+02   2.5681431e+02
   1.9234478e+02   1.3734351e+02   2.8463216e+02
   3.1010172e+02   1.2602495e+02   4.5752552e+01
   9.1103144e+01   4.2187534e+01   7.3617329e+01
   3.3014043e+02   7.8117790e+01   2.4411819e+02
   2.7295003e+02   1.1799513e+02   1.8894795e+01
   3.1933106e+02   4.3146697e+01   2.8842205e+02
   2.4767342e+01   1.5210189e+02   2.4428471e+02
   6.6070150e+01   9.4846827e+01   3.4056322e+02
   1.5553863e+02   1.4479599e+02   6.4100950e+01
   2.6534616e+02   6.3613809e+01   3.2960931e+01
   2.5081735e+02   1.0878402e+02   3.2703781e+02
   2.9574474e+02   1.0506239e+02   5.9604942e+01
   2.4802839e+01   1.3795690e+02   3.1420821e+02
   2.7971745e+02   1.0139433e+02   1.8358309e+02
   1.8068523e+02   8.6906846e+01   2.2136528e+02
   1.5317886e+02   3.7957107e+01   1.1378563e+02
   2.2004537e+02   5.6170643e+01   2.7895493e+01
   1.1267519e+02   7.5852314e+01   2.8074365e+01
   2.4578146e+02   4.5683899e+01   7.1483147e+01
   3.0807788e+02   1.4945889e+02   3.0622106e+02
   2.4148696e+02   1.1625909e+02   5.2029687e+01
   5.0355846e+01   6.3742328e+01   6.8521747e+01
   1.8849314e+02   1.0396094e+02   1.3337489e+02
   1.3995718e+01   1.4079502e+02   2.7504343e+01
   2.5381765e+02   1.0812119e+02   3.1607930e+02
   1.0757355e+02   4.3168481e+01   2.2406092e+02
   1.2151663e+01   1.3079396e+02   1.3602382e+02
   2.5342887e+02   9.9211497e+01   3.5911868e+02
   1.3737992e+02   1.2134869e+02   1.8624389e+02
   3.4674239e+02   3.8752065e+01   2.0679690e+02
   6.3330042e+00   3.0429313e+01   1.6076501e+02
   1.5285056e+02   6.2038874e+01   1.2814580e+02
   1.0324774e+02   5.7613664e+01   1.2722618e+02
   8.1566103e+00   1.4511663e+02   2.9911216e+01
   2.0436660e+02   7.8737223e+01   3.5658404e+02
   9.4369274e+01   7.9475348e+01   1.2527170e+02
   2.8411018e+02   5.9837816e+01   2.2212347e+02
   1.6194307e+02   3.9572037e+01   3.1247299e+02
   8.2452250e+01   1.1970465e+02   2.3409768e+02
   2.0062432e+02   1.2883592e+02   2.7645247e+01
   3.3223245e+02   4.2295811e+01   3.2787043e+02
   1.4291966e+01   6.6538046e+01   6.4351288e+01
   1.6106625e+02   5.0097721e+01   3.0289864e+02
   3.1962994e+02   9.2360749e+01   8.1552407e+01
   3.0346174e+02   3.7146416e+01   1.4328187e+02
   2.8725342e+02   1.1763406e+02   2.4466454e+02
   3.2356748e+02   2.9608867e+01   2.5076473e+02
   3.3264812e+02   1.2139566e+02   1.5215892e+02
   2.5761781e+02   9.4907699e+01   3.0049038e+02
   2.7796160e+02   1.1770372e+02   2.3795796e+02
   1.5570852e+02   5.0523783e+01   9.8504670e+01
   3.3804111e+02   5.0522610e+01   2.3270673e+01
   2.8411598e+02   1.1343348e+02   5.3371741e+01
   2.9355666e+02   6.5303098e+01   2.6915817e+02
   4.8881836e-01   6.0893065e+01   1.5134416e+02
   3.3518468e+02   5.8916630e+01   2.1248780e+02
   2.4907971e+02   5.8995696e+01   2.4900028e+02
   2.8118922e+02   7.4995078e+01   1.2971770e+02
   1.3892934e+02   1.2358385e+02   3.3423391e+02
   1.1126511e+00   3.6925289e+01   2.9207427e+02
   1.2430267e+01   4.2239250e+01   1.5316295e+02
   3.5939362e+02   1.3074139e+02   2.0102006e+02
   3.1488774e+01   1.5040295e+02   1.3665790e+02
   9.3861846e+01   1.0915820e+02   1.1486442e+02
   8.2075214e+00   1.7244968e+02   3.5497838e+02
   2.5375562e+02   9.2224020e+01   4.1621209e+01
   2.0877411e+02   1.1568933e+02   3.7311120e+01
   8.1360942e+01   1.1204831e+02   1.2941452e+02
   1.5267053e+02   4.8989965e+01   2.5854513e+02
   3.3083579e+02   1.2548700e+02   4.9690317e+01
   1.2278339e+02   8.9147937e+01   1.4874601e+02
   1.5318890e+02   1.3196265e+02   5.5747659e+01
   1.9488742e+02   1.0552597e+02   3.5506885e+01
   2.4841290e+02   6.7311779e+01   1.4236425e+02
   2.4891052e+02   1.0418413e+02   3.2369303e+02
   3.3342087e+02   1.2314232e+02   2.6444129e+02
   3.5083999e+02   3.9331915e+01   3.4936207e+01
   2.7837094e+02   1.0682991e+02   5.0131239e+01
   1.0745980e+02   8.6005345e+01   2.2943026e+02
   1.2171053e+02   1.1489965e+02   2.6583076e+01
   3.0941284e+02   1.4968441e+02   4.3382940e+01
   1.2257219e+02   1.4610475e+02   3.5337464e+02
   4.9723345e+01   1.4969154e+02   1.7884779e+02
   3.2811771e+01   1.2635473e+02   1.2956404e+02
   2.9185768e+02   8.1316745e+01   1.3146200e+02
   1.8280762e+02   1.0039114e+02   8.0689156e+00
   2.8143426e+02   1.0107172e+02   5.0407750e+01
   3.0839633e+02   1.3887158e+02   1.9379358e+01
   3.4571342e+02   1.3030013e+02   3.1546845e+02
   1.5363512e+01   4.0142941e+01   5.5548839e+01
   7.2021166e+01   7.3467924e+01   1.4901203e+02
   9.7141700e+00   4.2441739e+01   3.2725290e+02
   3.4625748e+02   1.5000876e+02   3.2285066e+02
   2.2553057e+02   6.0381438e+01   5.2674116e+01
   7.9661802e+01   1.1058997e+02   3.8870722e+01
