   2.4050498e+02   7.9225311e+01   3.2748399e+02
   3.3386681e+02   1.3452402e+02   1.4429782e+01
   2.3308490e+02   9.7506979e+01   2.0985609e+02
   2.4343730e+02   1.5187514e+02   2.0329655e+02
   1.8625048e+02   1.0376498e+02   1.2786574e+02
   1.7700751e+02   6.3593363e+01   3.1687230e+02
   3.0026064e+02   1.4407264e+02   2.2483085e+02
   1.2651549e+02   7.0465111e+01   2.2464560e+02
   1.4990410e+02   1.1402899e+02   1.0646691e+02
   5.9968274e+01   7.8631082e+01   2.6884774e+01
   2.5761834e+02   1.3413058e+02   1.0573416e+02
   1.5155935e+02   1.2498685e+02   1.6557129e+02
   1.8180913e+02   9.7310466e+01   8.4506331e+01
   1.3853278e+02   1.2378966e+02   2.3503253e+02
   3.1433081e+02   4.9557425e+01   2.1298305e+02
   1.1365975e+02   1.6706776e+02   1.2452306e+02
   2.3735920e+02   1.2281676e+02   3.0545653e+02
  -4.2256081e+00   3.7935390e+01   5.0564802e+01
   3.1561851e+02   7.2155133e+01   1.9694285e+02
   3.1853102e+02   1.3866616e+02   3.1781294e+02
  -7.9625170e+00   1.3538622e+02   2.8458043e+02
   2.4320099e+01   1.1820585e+02   5.7731177e+01
  -1.2620124e+01   8.8695236e+01   5.6831175e+01
   1.2710945e+02   1.3095668e+02   4.9377490e+01
   2.0002875e+02   1.2473839e+02   1.8311734e+02
   2.2230338e+02   1.0792552e+02   2.1718836e+02
   1.9380231e+02   6.0288422e+01   5.8102909e+01
   3.1258258e+02   9.9948394e+01   2.2876356e+02
   2.1396221e+02   1.5268472e+02   3.0381861e+02
   1.6283832e+02   1.5467706e+02   2.4144699e+02
   1.7420205e+02   1.0270573e+02   2.8161692e+02
   7.8464309e+01   9.2925196e+01   9.5243888e+01
   2.3569374e+02   5.7404646e+01   1.6456882e+02
   3.4215122e+00   4.9410019e+01   1.1329163e+02
   2.4850205e+02   1.1312341e+02   6.5950406e+01
   3.1399185e+02   6.6555509e+01   1.9996071e+02
   6.8395323e-01   5.0239810e+01   3.3308772e+02
   4.4144901e+01   4.9940687e+01   1.6109038e+02
   8.5942922e+01   8.2451839e+01   1.1760430e+02
   1.7673754e+02   1.4237241e+02   1.2700418e+02
   1.3566422e+02   1.1082929e+02   1.4471054e+02
   1.5897585e+02   1.3968080e+02   5.3151168e+01
   7.8393881e+01   1.5302907e+02   1.0073386e+02
   1.8195455e+02   1.1868355e+02   3.3543501e+02
   1.7985665e+02   7.9734654e+01   1.4388927e+02
   2.6872075e+02   9.2322993e+01   1.3659234e+02
   2.9805800e+02   1.2706343e+02   2.1342472e+02
   2.6851459e+02   1.2146480e+02   2.4662407e+01
   3.1350563e+02   1.1496892e+02   1.3229383e+02
   3.3399403e+02   5.5917437e+01   7.3885558e+01
   4.9968519e+01   7.6430785e+01   2.6050258e+02
   1.3789778e+01   7.0007345e+01   6.6370742e+01
   3.2001563e+02   1.3537686e+02   2.0705314e+02
   1.5614368e+02   4.5135760e+01   1.1223908e+02
   1.2546754e+00   6.4388672e+01   7.2083701e+01
   1.4364287e+02   5.4002887e+01   2.0484172e+02
   1.9013138e+02   4.2699044e+01   3.0743042e+02
   7.1632519e+01   1.0136083e+02   3.0365292e+02
  -1.1812189e+01   9.4314395e+01   1.5254280e+02
  -3.2165366e+00   1.4328882e+02   3.9535013e+01
   2.2677367e+02   6.5508137e+01   1.9611035e+02
   3.1073276e+02   1.0139542e+02   1.9006826e+02
   1.9106987e+02   1.6622282e+02   6.6638815e+01
   4.0966065e+01   1.4828997e+02   2.9408297e+01
   3.1936913e+02   3.9801425e+01   3.1512888e+02
   8.9879822e+00   3.2989187e+01   3.3359577e+02
   3.1413291e+02   1.1721579e+02   4.4184637e+01
   1.6585228e+02   7.9505779e+01   1.6707370e+02
   1.8938384e+02   9.6199862e+01   1.0999719e+01
   1.8707427e+02   4.3552903e+01   1.4490453e+02
   2.1972081e+02   1.3079097e+02   3.1298945e+02
   5.2777839e+01   3.1434030e+01   1.5659430e+02
   1.0171073e+02   1.4411678e+02   2.0083139e+02
   2.4277344e+02   1.0442795e+02   2.2996157e+02
   1.8405434e+02   8.4721455e+01   1.2318269e+01
  -1.0984801e+01   4.4242138e+01   1.9741682e+02
   3.6221426e+01   1.4095425e+02   2.5556416e+02
   1.9815730e+02   1.3173715e+02   3.1112799e+02
  -2.8745774e+00   1.4471009e+02   2.0633438e+02
  -1.3505128e+01   4.1285350e+01   3.1170820e+02
   8.6720114e+01   5.8902445e+01   1.2648917e+02
   1.2193088e+02   3.6008823e+01   6.0956621e+01
   5.6997995e+01   6.4303796e+01   2.2992415e+02
   1.6516981e+02   1.4739436e+02   1.1849465e+02
   2.6576402e+02   5.3635422e+01   1.1571105e+02
   1.2776493e+02   7.4540688e+01   2.1361769e+02
   1.9262701e+02   3.5823553e+01   2.1890337e+02
  -8.0154590e+00   7.4864309e+01   2.7804945e+02
   1.9292882e+02   1.6629863e+02   2.0258502e+01
   3.2059059e+02   1.1153345e+02   3.0770105e+02
   2.3474201e+01   1.4091927e+02   1.3834236e+02
   2.4857391e+02   7.4993640e+01   1.4386283e+02
   2.3635682e+00   1.0465723e+02   1.1437786e+01
   2.3512309e+01   6.5690550e+01   6.1679079e+01
   1.7576876e+02   3.6461893e+01   1.2143195e+02
   2.8788274e+00   3.9086928e+01   2.8469616e+01
   2.2882894e+02   1.1823387e+02   1.3500659e+02
   3.3438820e+02   1.5147167e+02   1.1715029e+02
   3.2317994e+02   1.4077641e+02   3.0507850e+02
   1.3802552e+02   1.3506427e+02   2.3008495e+02
   1.8130489e+02   4.4529275e+01   1.3643592e+02
   2.0419879e+02   6.9635586e+01   1.9994044e+02
   1.5223075e+01   4.6106737e+01   1.5385658e+02
   2.4407962e+02   9.2586168e+01   1.0635124e+02
   9.3990837e+01   1.1288659e+02   1.3180320e+02
   1.5024806e+02   8.8128045e+01   1.2565740e+02
   2.4821723e+01   1.0053953e+02   2.9451601e+02
   2.2903007e+00   6.5540086e+01   2.2688066e+02
   1.2372676e+02   5.1154540e+01   2.3919915e+02
   1.6684998e+02   2.6758018e+01   1.5043638e+02
   1.1521790e+02   1.1161595e+02   3.5715468e+02
   8.8530260e+01   1.1217246e+02   3.3997005e+02
   2.7901658e+02   1.0806202e+02   1.2612523e+02
   1.6385832e+02   3.4518246e+01   1.1871199e+02
   1.3718520e+02   4.1771246e+01   4.3003041e+01
   1.4719011e+02   7.0572744e+01   6.9479260e+01
   2.7538771e+02   4.3768283e+01   3.3104741e+02
   1.2563150e+01   7.4432780e+01   3.3890232e+02
   2.6946226e+02   5.8428747e+01   1.0392914e+02
   8.6864834e+01   4.1264306e+01   1.9830939e+02
   2.7147021e+02   6.8898342e+01   4.5934671e+01
   5.4122381e+01   6.2529867e+01   5.5613399e+01
  -4.3302689e+00   5.1236506e+01   3.2737264e+02
   2.8573547e+01   1.2227509e+02   2.1528682e+02
   9.5913259e+00   4.2057666e+01   3.3095670e+02
   3.3783429e+02   1.4083619e+02   7.4120750e+01
   4.7750622e+00   1.3087562e+02   3.2417468e+01
   1.4045955e+02   1.2520941e+02   7.8619759e+01
   2.1450815e+02   4.5537045e+01   9.2770669e+01
   1.2269148e+01   1.2567039e+02   2.1310889e+02
   1.9990761e+02   7.0178653e+01   6.9673875e+01
   2.6126784e+02   1.0368326e+02   1.3706984e+02
   1.3436190e+02   5.0619759e+01   1.0553999e+02
   2.4051780e+02   1.2313065e+02   2.1578097e+02
   1.5275280e+02   1.2821458e+02   1.4321636e+02
   1.3774281e+02   2.3193976e+01   1.5373726e+02
   1.9739796e+02   1.2483274e+02   2.1854902e+02
   3.1099129e+02   5.7288175e+01   2.0798038e+02
   1.3523552e+02   4.1406963e+01   3.2382770e+02
   4.0460998e+01   1.4990247e+02   7.8561222e+01
   1.5189719e+02   4.1897036e+01   1.3803667e+02
   1.8157359e+02   2.6139555e+01   1.4582067e+02
   6.1309291e+00   4.4706703e+01   3.6898447e+01
   2.0792470e+02   3.8978326e+01   2.2636789e+02
   1.7939973e+02   7.2927327e+01   3.4813148e+02
   1.8107269e+02   1.3099920e+02   2.6015309e+01
   3.2235289e+02   1.1059787e+02   1.5623330e+02
   1.6373525e+01   1.2471624e+02   2.9868477e+02
   2.2294382e+02   7.3698381e+01   2.8253607e+02
   1.0440465e+00   1.4739067e+02   3.2889506e+01
   1.2707668e+02   4.0579680e+01   1.8908418e+02
   3.1564571e+02   1.3064148e+02   1.5298311e+02
   1.2573236e+02   5.7989515e+01   1.2451006e+02
   6.0987253e+01   1.0377339e+02   1.2288685e+02
   3.1329403e+02   5.7376416e+01   2.0126946e+02
   1.8422980e+02   3.4334812e+01   2.2364022e+02
   1.3847213e+02   6.0342837e+01   2.0849248e+02
   7.8236595e+01   1.0463880e+02   1.1925967e+02
   2.9024838e+02   5.7759444e+01   1.5537371e+02
   1.9771412e+02   7.8794924e+01   6.6587113e+01
   1.4204159e+02   1.0793855e+02   2.4209432e+02
   3.2522019e+02   1.3159237e+02   2.5844458e+02
   5.2850865e+01   1.0236180e+02   2.9295955e+01
   2.5435544e+02   1.1380194e+02   2.8002623e+01
   1.2071994e+02   8.7739131e+01   3.2983635e+02
   9.2208664e+00   7.5231675e+01   3.2041008e+02
   1.3600246e+01   1.6959245e+01   1.3693212e+02
   5.0369437e+01   6.4670241e+01   4.8494181e+01
   1.9226914e+02   1.1278087e+02   4.3168592e+01
   6.1901632e+01   6.8131901e+01   5.9219450e+01
   3.2819981e+02   4.9279990e+01   1.2455783e+02
   2.5169355e+02   8.3117260e+01   3.2674936e+02
   1.3463316e+02   1.1257164e+02   3.1479079e+02
   5.7973100e+01   5.7731711e+01   5.4656932e+01
   2.5470805e+02   6.0087739e+01   4.0506733e+01
   5.1918611e+01   1.1820488e+02   3.2164287e+02
   2.4076070e+02   8.8423658e+01   5.0144429e+01
   8.9921408e+01   3.3694538e+01   2.3511080e+02
   3.3612192e+02   2.9465381e+01   3.1015691e+02
   2.5194306e+02   1.2075555e+02   2.3744688e+02
   1.5119908e+02   7.6698894e+01   1.4500108e+01
   5.3775991e+01   1.1861230e+02   3.0008534e+02
   2.6379075e+02   6.5317370e+01   2.1433619e+02
   2.2263234e+02   6.6349065e+01   3.5862292e+02
   1.0991188e+02   1.4445408e+02   1.8169775e+02
   5.9006915e+01   1.0222610e+02   2.1440743e+02
   9.2893886e+00   1.3887692e+02   1.2486245e+02
   9.9539658e+01   7.5203043e+01   3.2200325e+02
   1.7605817e+02   1.4479518e+02   2.5277147e+02
   1.5056925e+02   1.2802054e+02   1.3886225e+02
   6.9922171e+01   5.6362995e+01   1.0513868e+02
  -5.0092665e+00   4.3197289e+01   8.4253165e+01
   1.4381448e+02   1.1822529e+02   3.3455338e+02
   5.3493778e+01   5.2349193e+01   1.5274703e+02
   2.2204324e+02   1.0944105e+02   7.2341409e+01
   3.3946838e+02   1.4759406e+02   8.4756875e+01
   1.5623391e+00   3.3690410e+01   9.4111144e+01
   4.2169283e+01   1.3681702e+02   1.3691018e+02
   1.2412928e+01   1.1286237e+02   1.1418481e+02
   2.4271840e+02   5.7710587e+01   2.3240084e+02
   1.8960124e+02   3.7551473e+01   2.1976427e+02
   3.2161849e+02   1.3443541e+02   2.1892027e+02
   2.7395854e+02   5.7931395e+01   2.1412445e+02
   1.3208872e+02   1.1127056e+02   9.6618951e+01
   1.0286108e+02   1.1968564e+02   2.2407935e+02
   2.5356530e+02   1.2685921e+02   2.8964423e+02
   2.5368669e+02   1.4953966e+02   3.7429653e+01
   4.7623787e+01   8.4040729e+01   2.6252651e+02
   2.7316129e+01   1.0109152e+02   2.3349250e+02
   4.7653509e+01   5.9984676e+01   1.7087566e+02
   2.1086730e+02   9.1468823e+01   3.3584836e+02
   2.8808049e+02   1.0332226e+02   3.4719725e+01
   1.6862983e+02   1.5130439e+02   2.1567849e+02
   4.4674948e+01   1.2493292e+02   8.4083295e+01
   1.8642627e+02   4.2335746e+01   2.3536953e+02
   1.4689593e+02   1.1572538e+02   4.5976104e+01
   1.6580409e+02   1.4819597e+02   2.8708101e+02
   2.4214990e+02   8.4966009e+01   1.1638202e+01
   3.1153343e+02   1.0029468e+02   2.0874933e+02
   6.3673587e+01   3.6685543e+01   3.0319133e+02
   8.3816037e+01   9.6712394e+01   1.4270433e+02
   3.3405637e+02   1.2819655e+02   3.3177157e+02
   2.9854612e+02   1.5255093e+02   2.0048292e+02
   2.6821214e+02   1.0679569e+02   5.8720334e+01
   6.1260940e+01   9.6487215e+01   3.0235788e+02
   2.8619938e+02   8.5662863e+01   7.3782819e+01
   2.9434861e+02   1.3704413e+02   2.2365176e+02
   2.2789453e+01   7.0811281e+01   6.7681910e+01
   1.8466383e+02   1.1343234e+02   2.8988318e+02
   1.7341589e+02   8.5302533e+01   6.2647519e+01
   1.5685061e+02   4.4378401e+01   1.0423433e+02
   3.0535793e+02   1.2715442e+02   6.6610567e+00
   1.3408181e+02   1.4010675e+02   1.9753027e+02
   2.1567056e+02   5.8904557e+01   2.2623795e+02
   1.8921949e+02   5.7107151e+01   2.3905676e+02
   8.4274322e+00   1.3353375e+02   2.5253870e+02
   5.2631914e+01   1.2565974e+02   2.2116183e+02
   1.6840421e+02   1.5131173e+02   3.4275289e+02
   2.4696026e+02   7.1987938e+01   1.4603791e+02
   8.3161603e+01   6.8736831e+01   1.1195434e+02
   2.0848726e+02   7.1207125e+01   2.6964336e+02
   3.0506857e+02   5.4791632e+01   2.9917085e+01
   2.4908428e+02   1.6432182e+02   2.7242186e+02
   1.8734950e+02   9.8423603e+01   1.1406801e+02
   3.2062288e+02   1.2737808e+02   2.5162646e+02
   1.9641314e+02   1.3541402e+02   5.4934208e+01
   6.7798643e+01   1.1469540e+02   1.9515207e+02
   3.1524841e+02   1.2620288e+02   6.2202051e+01
  -7.1261247e+00   1.8621680e+01   1.0154263e+02
   3.5036000e+01   5.8043118e+01   8.8154945e+01
   2.6202268e+02   1.2083931e+02   1.0307456e+02
   3.3411547e+02   6.8639666e+01   3.4672839e+02
   2.8490993e+02   1.1875070e+02   5.6791397e+01
   1.4897839e+02   5.4916456e+01   3.9523171e+01
   2.8810751e+02   6.0847520e+01   3.0573738e+02
   1.2424599e+02   1.3640990e+02   8.3050324e+01
   3.4263400e+02   7.4952287e+01   1.9343571e+02
   1.0250165e+02   4.4436290e+01   7.3802971e+01
   1.4410314e+02   4.2295680e+01   4.2861930e+01
   1.5322646e+02   3.9822165e+01   1.3784817e+02
   2.1211288e+02   5.4400319e+01   3.3796504e+02
   3.4377973e+01   3.6908396e+01   1.5625487e+02
   9.8470583e+01   1.1817360e+02   3.2920387e+02
   1.2351131e+02   1.0765370e+02   5.1196310e+01
   1.8754890e+02   9.1568932e+01   1.3521016e+02
   2.1318075e+02   6.8959057e+01   2.8568183e+02
   9.0450516e+01   6.4163889e+01   2.2604438e+02
   1.7997830e+02   6.5905440e+01   2.9261363e+02
   3.0515750e+02   1.1524097e+02   1.3682850e+02
   2.6204848e+02   1.1903488e+02   2.3522459e+02
   3.2357965e+02   5.7048238e+01   1.8957728e+01
   9.8397633e+01   9.4486942e+01   3.2536473e+02
   1.2851416e+02   4.6626944e+01   2.1409185e+01
   4.2357620e+01   1.0575089e+02   1.9453526e+02
   3.9941844e+01   1.1607004e+02   2.9443079e+02
   1.7725099e+02   5.1813814e+01   1.4137202e+02
   3.4302279e+01   1.4795063e+02   2.5502999e+02
   2.4052912e+02   9.6358555e+01   1.5555187e+01
   1.2563441e+02   1.2063635e+02   4.6907408e+01
   1.4239358e+02   4.0997275e+01   2.9768987e+02
   1.5951885e+02   1.4408416e+02   2.3227373e+02
   1.5235121e+02   1.3195813e+02   5.2540553e+01
   2.5777626e+01   1.0168331e+02   8.4000839e+01
   2.3731639e+02   3.2736194e+01   8.8812389e+01
   1.7790798e+02   3.6130823e+01   3.2829241e+02
   4.9795009e+01   8.8701064e+01   6.1301787e+01
  -7.8309834e+00   1.2934762e+02   7.3416779e+00
   3.3918108e+02   1.4103859e+02   1.5144865e+02
   2.7432051e+02   3.4077068e+01   8.4620461e+01
   1.7000899e+02   1.5048187e+02   2.8062270e+01
   1.9394978e+02   1.1210467e+02   1.2791081e+02
   1.7002420e+02   1.4469946e+02   9.9165987e+01
   2.0319997e+02   1.3814579e+02   1.1712949e+02
   1.8243781e+02   9.5730575e+00   3.4257839e+02
  -5.7323556e+00   5.4006395e+01   3.4331150e+02
   3.2121699e+02   1.2631033e+02   5.3931162e+01
   2.3790856e+02   7.7544527e+01   3.2046077e+02
   9.7255830e+01   6.3492974e+01   1.7731378e+01
   5.9824113e+01   1.4381673e+02   1.2480155e+02
   2.6745199e+02   1.1194430e+02   1.0703590e+02
   1.7453627e+02   5.5197442e+01   1.4559343e+02
   3.0877297e+02   1.1694616e+02   3.3435157e+02
   1.9056841e+02   7.8182178e+01   1.0880547e+02
   1.3693467e+02   9.3909648e+01   2.7263199e+02
   1.0059864e+01   4.2253141e+01   3.1817643e+02
   3.0761529e+02   5.4323376e+01   3.6171599e+01
   2.4461627e+02   1.1381202e+02   1.2950780e+02
   2.2921991e+02   6.4752117e+01   5.1085775e+01
   1.1329792e+01   1.3719364e+02   4.4963846e+01
   1.9915029e+02   1.1420371e+02   2.2218572e+02
   7.2156867e+01   6.4023154e+01   1.4503349e+02
   2.9531185e+02   1.3181640e+02   1.2798700e+02
  -9.9975276e+00   4.6658063e+01   1.5571585e+02
   2.6401929e+02   6.5391531e+01   5.5610901e+01
  -6.6363377e+00   3.3842662e+01   1.5932303e+02
   1.4656838e+02   1.1145634e+02   1.3065775e+02
   2.1992786e+02   1.4128994e+02   2.4655783e+01
   9.4250323e+01   4.8380865e+01   3.1217827e+02
   2.9119936e+01   1.3001221e+02   3.0923354e+01
   2.0367838e+02   1.9406407e+01   1.6484263e+02
   8.5404832e+01   1.2429524e+02   2.7941539e+01
   6.6930974e+01   6.7167092e+01   1.5398086e+02
   2.7284244e+02   6.5659703e+01   3.2577163e+02
   9.2113795e+01   6.2824157e+01   2.1444921e+02
   5.1095587e+01   5.6167486e+01   2.3775074e+02
   1.8556791e+02   4.4891755e+01   6.7869956e+00
   3.3123352e+02   4.2577843e+01   1.3063777e+02
   2.7162088e+02   1.5721619e+02   1.0141052e+02
   3.2499253e+02   3.8096860e+01   3.1510962e+02
   1.9781918e+02   1.4707765e+02   2.3954904e+02
   3.2847129e+02   7.6550381e+01   2.2099602e+02
   1.4496174e+02   7.0200583e+01   2.3826886e+02
   2.3670531e+02   9.7105034e+01   3.0767243e+02
   3.0853939e+02   5.5453172e+01   2.1594369e+02
   1.4947781e+02   1.5775854e+02   7.2008855e+01
   3.2301877e+02   5.3134764e+01   1.9323872e+02
   1.1899754e+01   1.3104381e+02   2.2216147e+02
   2.0093417e+02   1.7337915e+02   3.4559504e+02
   1.5337519e+01   3.5178662e+01   4.2608666e+01
   2.8834386e+02   1.3564904e+02   2.3943815e+02
   6.5169606e+01   9.4527605e+01   2.2520599e+02
  -3.7678369e+00   4.3546879e+01   1.9486794e+02
   2.3596996e+02   1.1820008e+02   2.9938419e+01
   5.2417251e+01   1.1661064e+02   3.1282879e+02
   3.2469398e+02   8.6365981e+01   2.0053709e+02
   1.4810364e+02   1.4266120e+02   4.7632732e+01
   3.2625197e+02   8.7452787e+01   7.7033221e+00
   1.4807438e+02   8.2227766e+01   1.7376500e+02
   1.2082484e+02   7.4936241e+01   3.5042879e+01
   2.7689972e+02   1.0950778e+02   2.9087481e+02
   2.4634888e+02   6.1536025e+01   3.2229102e+02
   3.1442627e+02   1.2697083e+02   3.3335584e+02
   3.0746593e+02   2.5473019e+01   3.4660310e+02
   3.1939651e+02   9.9972000e+01   2.6496337e+02
   2.2717822e+02   9.9863627e+01   2.0602958e+02
   1.1903962e+02   1.4569420e+01   3.2345472e+00
   1.6315654e+02   4.7908808e+01   3.0008970e+02
   1.3105045e+02   1.5219268e+02   2.5858097e+02
   3.3240063e+02   1.3181515e+02   3.1813939e+02
   1.4297661e+02   1.0194158e+02   1.6179357e+02
   2.2931371e+02   5.4363477e+01   2.3746204e+02
   3.3297522e+02   1.2486602e+02   2.5208308e+02
   3.1046613e+02   6.7607953e+01   2.5106310e+01
   1.5242532e+02   7.9142271e+01   2.7115500e+02
   1.9030574e+02   5.4150499e+01   7.2107346e+01
   3.2817510e+02   1.1238782e+02   2.8970604e+02
   6.7041466e+01   1.2196444e+02   2.2224996e+02
   1.1269127e+02   3.6524175e+01   1.0496010e+01
   2.6875473e+02   5.6462349e+01   3.7399594e+01
   1.0704751e+02   1.4446356e+02   2.8073422e+02
   3.0750962e+02   1.1121974e+02   2.0424618e+02
   1.0583276e+02   6.4858231e+01   1.1072544e+02
   1.8135633e+02   3.9292489e+01   2.7401986e+01
   2.5474214e+02   7.1647436e+01   9.0583857e+01
   2.9955792e+01   6.8343960e+01   4.8043630e+01
   8.6913932e+01   1.0662504e+02   5.9170554e+01
   1.4816453e+02   9.2986620e+01   2.0321061e+02
   2.7544190e+02   7.9729761e+01   1.2437789e+02
   1.1909798e+01   1.3584942e+02   1.9475326e+02
   2.2380262e+02   2.5597714e+01   2.4811721e+01
   2.3831459e+02   4.0070562e+01   3.5583511e+02
   2.4915917e+02   6.2104500e+01   2.3871174e+02
   1.9216061e+02   1.1359556e+02   1.1829291e+02
   1.6445863e+02   4.9604493e+01   3.4238639e+02
   3.1582220e+02   9.7187854e+01   9.0394359e+01
   3.2741726e+02   6.8624508e+01   2.5550325e+01
   2.2262589e+02   4.7939603e+01   1.1357028e+02
   2.0651684e+01   5.2669233e+01   3.3815506e+02
   2.3343777e+02   1.1046977e+02   1.0823650e+02
   2.9234050e+02   1.0535040e+02   1.5134054e+01
   1.5344462e+02   5.3865772e+01   1.9004447e+02
   2.0358654e+02   6.8206013e+01   1.4293627e+02
   7.3047433e+01   1.2485418e+02   1.1571573e+02
   1.5005233e+02   1.4326233e+02   9.2168040e+01
   9.5231034e+01   1.1292495e+02   2.3066100e+02
   3.1722907e+02   5.4021926e+01   2.9646345e+02
  -8.9354552e+00   2.8908339e+01   2.4729413e+02
   2.7519751e+02   2.5369551e+01   1.4713560e+02
   2.8191621e+02   1.7559955e+02   3.4110455e+02
   1.7636630e+02   1.5483450e+02   2.3270952e+02
   5.3556997e+01   1.1415511e+02   3.3094115e+02
  -5.7576450e+00   1.5456737e+02   4.3647724e+01
   5.4533858e+00   9.6575896e+01   2.1310014e+02
   6.4448744e+01   1.1128945e+02   3.4699566e+01
   3.6456809e+01   5.4571066e+01   1.2947478e+02
   3.1554297e+02   1.3148750e+02   2.2330675e+02
   8.4973782e+01   6.4444013e+01   3.1736641e+01
   5.2781412e+01   1.2442063e+02   2.0402782e+02
   4.6710746e+01   3.4204010e+01   2.5895050e+02
   9.4729765e+01   6.9782750e+01   2.1573501e+02
   2.1030412e+02   8.6186516e+01   1.8847839e+02
  -4.3745252e+00   5.2543936e+01   9.3903607e+01
   1.7024823e+02   1.3297690e+02   1.0562369e+02
   1.7880594e+02   1.3410522e+02   1.2346049e+02
   6.4249476e+01   1.1423222e+02   2.0982087e+02
   9.9381319e+01   1.1967408e+02   2.4965681e+02
   1.5503962e+02   8.2800723e+01   1.7750855e+02
   3.2314190e+02   5.6320050e+01   1.0411936e+02
   1.7184808e+02   2.9481121e+01   3.2803748e+02
   2.2923940e+02   5.9883961e+01   3.0810092e+02
   2.6324029e+01   1.6897364e+02   2.6078626e+02
   1.5419578e+02   4.5037119e+01   3.0420208e+01
   7.7530883e+01   1.0007875e+02   5.8003049e+01
   6.9983013e+01   9.2661217e+01   7.1679709e+01
   8.9069017e+01   1.1995641e+02   5.6622915e+01
   4.7192266e+01   1.1259182e+02   1.3337119e+02
   1.0153420e+02   2.0949134e+01   3.1041792e+02
   2.4676422e+02   9.1409763e+01   3.6760465e+01
   2.7339964e+02   1.2561891e+02   2.4651455e+02
   1.9492740e+02   6.0954930e+01   5.5945800e+01
   9.2868132e+01   8.7652938e+01   2.2831124e+02
   2.6422526e+02   1.2329211e+02   5.0876385e+01
   1.8399750e+02   8.2276320e+01   2.8548808e+01
   1.4644153e+01   2.6515143e+01   3.1893504e+02
   3.1690655e+02   1.1380956e+02   4.7772763e+01
   1.7618875e+02   4.6612543e+01   1.3784612e+02
   6.3790748e+01   6.8309832e+01   2.1903817e+02
   2.6479405e+02   6.0582044e+01   3.3607243e+01
   3.1327987e+02   5.6525640e+01   3.4413161e+01
   1.8468902e+02   4.9122225e+00   3.1541233e+02
   2.4803302e+02   1.3741458e+02   1.5135433e+02
   2.3568572e+02   1.1070489e+02   2.1271291e+02
   2.6350494e+02   2.4583883e+01   1.7555890e+02
   7.1141287e+01   7.6290610e+01   1.3700757e+02
   3.0930496e+02   1.3878522e+02   1.6571718e+02
   3.4740176e+01   1.2886765e+02   1.8564381e+02
   5.4850917e+01   6.1275481e+01   2.4171516e+02
   2.7086765e+02   7.2962028e+01   9.7917980e+01
   2.4580456e+02   1.1566191e+02   5.4598474e+01
   5.3188815e+01   1.3804429e+02   8.3368742e+01
   1.3680560e+02   4.2357498e+01   3.0920414e+02
   4.1858165e+00   1.3112280e+02   1.2498060e+02
   2.8561314e+02   1.2919078e+02   1.5103571e+02
  -4.5692223e+00   1.4686228e+02   3.2383227e+02
   3.0859389e+01   7.1430538e+01   3.2713104e+02
   1.4886109e+02   1.2610066e+02   1.5600247e+02
   3.3144847e+01   1.6094442e+02   2.1731143e+02
   3.1191945e+01   1.3984864e+01   1.3148513e+02
   3.2169353e+02   8.5488344e+01   2.1549258e+02
   8.3362820e+01   1.0461544e+02   2.4065537e+02
   1.4282576e+01   1.1546007e+02   2.9330242e+02
   3.2436453e+02   6.5577012e+01   3.2204307e+02
   2.1473418e+02   2.6514328e+01   3.1440789e+01
   2.9911110e+02   1.0361787e+02   1.9404373e+02
   1.1714637e+02   6.7305523e+01   1.5424198e+02
   7.0032686e+01   7.8220686e+01   2.2217526e+02
   5.2434566e+01   5.6597620e+01   2.0119532e+02
   3.0622361e+02   4.3952510e+01   1.2360130e+02
   4.5625145e+01   5.6945227e+01   2.3815959e+02
   1.8143374e+02   7.9416492e+01   8.1306248e+01
   1.8257431e+02   1.3214653e+02   3.8546480e+01
   7.6841924e+01   1.0433793e+02   3.7627031e+01
   9.5096499e+01   4.5468732e+01   3.5919562e+00
  -9.4024973e+00   1.2326620e+02   2.1295189e+01
   1.9649571e+02   5.3564565e+01   1.1615485e+02
   3.2345480e+02   1.1592537e+02   1.6667855e+02
   3.4240815e+02   5.1633431e+01   2.5453248e+02
   2.4125652e+02   8.0739292e+01   6.6858510e+01
   2.8067680e+02   1.1545589e+02   1.4984780e+02
   3.4385543e+02   3.1579927e+01   2.0462476e+02
   1.9107348e+02   5.5133348e+01   1.7026598e+02
   2.7471710e+02   5.7131667e+01   3.3488485e+01
   3.3152099e+02   6.4030353e+00   2.8061154e+02
   2.9094516e+02   1.1593673e+02   1.2077229e+02
  -1.2141493e+01   6.5117298e+01   2.2304470e+02
   2.1324919e+02   7.0774669e+01   3.5743886e+02
   1.5650484e+02   4.3545455e+01   1.1377771e+02
   1.4397836e+02   1.5579543e+02   3.2148247e+02
   4.8355818e+01   6.1136972e+01   3.3824010e+02
   1.1434481e+02   9.9806944e+01   2.3328205e+02
   3.0539261e+02   1.1559581e+02   3.3855980e+02
   2.6061462e+01   9.0198255e+01   1.9431930e+02
   1.2970950e+02   1.1681278e+02   1.4450777e+02
   1.7969445e+02   2.6071532e+01   8.3611711e+01
   1.8266576e+01   7.1500860e+01   3.1618089e+02
   1.3491170e+02   2.4992466e+01   2.6633960e+02
   1.3584415e+02   1.2033644e+02   2.3653625e+02
   1.7115546e+02   6.2234972e+01   3.2003724e+02
   3.0400424e+02   1.0333475e+02   3.0953075e+02
   1.0925771e+01   1.0956992e+02   3.0707894e+02
