  -6.3579006e+00   8.5563070e+01   5.4156862e+01
   5.2814625e+01   8.4092018e+01   1.8557784e+02
   1.2134515e+01   2.2102236e+01   1.5079770e+02
   1.3564622e+02   3.8770579e+01   3.0031465e+02
  -1.2823874e+01   5.6996012e+01   2.3658066e+02
   2.9606478e+02   1.4196300e+02   1.3275010e+02
   3.2631758e+02   1.1744190e+02   2.1377254e+02
  -4.6140632e+00   1.1794116e+02   9.9713129e+01
   2.4795198e+02   1.1881803e+02   2.3009286e+02
   3.0298367e+02   3.3596751e+01   2.1361583e+02
  -8.3914839e+00   1.1233495e+02   2.1341774e+02
   1.0048512e+02   1.3245279e+02   3.1312725e+02
   1.8402010e+02   1.4389550e+02   2.2457625e+02
   2.0816776e+02   8.3419719e+01   2.1065049e+02
   9.3860797e+01   1.0410038e+02   4.3772519e+01
   5.3673620e+01   1.0987386e+02   1.2876553e+01
  -8.0735322e+00   4.5717543e+01   5.6177062e+01
   2.7007016e+02   7.8370889e+01   2.1794011e+02
   1.6264805e+01   1.2056196e+02   2.8293703e+01
   1.7166547e+02   5.2897023e+01   2.6317443e+02
   2.3357235e+02   7.4418514e+01   3.3043628e+02
   1.9936884e+02   6.9368377e+01   1.1543849e+01
   2.3873574e+02   1.1851647e+02   6.0540626e+01
   3.0277140e+02   4.7996169e+01   1.3511149e+02
  -2.4047244e+01   2.6923512e+01   3.2678787e+02
   2.5989623e+02   2.2635414e+01   1.8870163e+02
   2.8883355e+02   1.2395337e+02   1.5065508e+02
   6.6849767e+01   9.0277688e+01   3.0289271e+02
   1.2623272e+02   9.8305744e+01   1.1030832e+02
   1.1465034e+02   8.2207600e+01   6.8817796e+01
   2.4994289e+02   1.1808369e+02   3.2013453e+02
   1.8893124e+02   7.6933787e+01   2.3442987e+01
   2.4723148e+02   5.2121685e+01   3.4056361e+02
  -4.1804500e-03   5.9849017e+01   1.6248485e+02
   1.1555780e+02   3.5166807e+01   3.1432888e+02
   1.7517069e+02   1.1224498e+02   1.7860350e+01
   3.0880463e+02   4.0397478e+01   8.8115838e+01
   1.7327324e+01   1.3284703e+02   2.2514551e+02
   3.0273945e+02   1.0399742e+02   2.4234258e+02
   6.2060182e+01   1.4524992e+02   7.4402461e+01
   1.6091402e+02   4.1317384e+01   3.1745598e+02
   1.0619189e+02   1.1194589e+02   8.7027517e+01
   3.2774485e+02   7.7601750e+01   2.6762853e+02
   9.2742448e+01   1.0403551e+02   5.6161373e+01
   2.9383876e+02   3.1670065e+01   2.9634202e+02
   1.6110754e+02   1.3257737e+02   2.0487977e+01
   5.5493380e+01   1.5237150e+02   3.3834751e+01
   4.7997933e+01   7.0536925e+01   2.5680476e+02
   2.8689382e+02   5.6019598e+01   2.2512610e+02
   4.9200390e+01   8.8733112e+00   3.5272718e+02
   3.2678750e+02   7.0493357e+01   2.3515947e+02
   1.7348062e+02   2.8924097e+01   5.7229269e+01
   6.0372854e+01   1.2541420e+02   3.3016589e+02
   3.1239782e+02   7.6449641e+01   1.0228115e+02
   1.9975804e+02   1.3476725e+02   3.1220381e+02
   1.5148710e+02   1.6039149e+02   1.0850344e+01
   9.8922605e+01   8.1666158e+01   2.7393782e+02
   2.4664276e+02   1.6005775e+02   3.2262371e+02
   2.9957401e+02   1.0238611e+02   6.0399465e+01
   2.5237064e+02   6.4971568e+01   2.2279487e+02
   1.2821617e+02   1.4486187e+02   2.2430319e+02
   2.3493398e+02   1.0734874e+02   4.0302933e+01
   1.2415419e+02   1.2585772e+02   6.9706686e+01
  -1.9589487e+01   1.2488445e+02   2.5946838e+02
  -1.1121156e+01   1.1931601e+02   1.6698600e+02
   1.0002060e+00   6.0121664e+01   3.4857568e+02
   1.4258985e+02   1.4326163e+02   2.3726058e+02
   1.4812591e+02   1.3488465e+02   2.8145879e+02
   1.6872016e+02   1.3798427e+02   1.2579633e+02
   8.6430834e+01   2.3481898e+01   2.7319911e+02
   1.2708974e+02   5.9968308e+01   3.7163006e+01
   2.2143555e+02   1.2903135e+02   3.7661155e+01
   2.9217482e+02   1.2410640e+02   2.3950998e+02
   6.8615700e+01   7.4494553e+01   2.9377817e+02
   2.5387778e+02   6.2829431e+01   4.6429909e+01
   2.1822322e+02   1.1465768e+02   1.2710475e+02
   2.5788718e+02   1.2951045e+02   2.5711110e+00
   1.9688272e+02   5.3350861e+01   6.9654907e+01
   2.1779105e+02   1.1031529e+02   3.0239536e+02
   1.3628411e+02   1.2677483e+02   1.3783589e+02
   3.2380715e+02   1.5691361e+02   3.2922639e+01
   3.0182105e+02   4.3897147e+01   2.9717577e+02
   2.6969905e+01   1.1243786e+02   6.0455732e+01
   2.9918129e+02   6.9998572e+01   2.2042841e+02
   1.9200344e+02   2.0903143e+01   3.3920932e+02
   2.2461225e+02   1.1290482e+02   2.5004884e+01
   1.4152215e+02   1.3928865e+02   3.2564487e+02
   8.1138198e+01   1.1777623e+02   3.0579560e+02
   6.2826231e-01   1.3913461e+02   4.9421906e+01
   2.8565864e+02   7.7598811e+01   2.3786115e+02
   1.0842940e+02   6.0769527e+01   3.8155033e+01
   1.8265252e+02   7.3099839e+01   1.3856288e+01
   7.9124329e+01   4.1509205e+01   5.3338701e+01
   3.0505237e+01   3.7376999e+01   6.6515077e+01
   3.1468564e+02   3.5197711e+01   3.4695157e+01
   9.2355631e+01   1.5333490e+02   2.3233030e+02
  -5.7193990e+00   5.8733031e+01   3.0835918e+02
   1.3344410e+02   1.3793793e+02   2.4371429e+02
   2.0525635e+02   4.4126206e+01   3.0721525e+02
   5.7942807e+01   9.2094835e+01   1.7785371e+02
   2.4285056e+02   1.4819068e+02   2.8111588e+02
   1.7582838e+02   5.7585336e+01   1.5497696e+02
   7.7645113e+01   1.4494066e+02   9.8875373e+01
   1.2077343e+02   1.2683899e+02   3.4825671e+02
   1.5193565e+02   3.7264470e+01   6.4511060e+01
  -9.9004102e+00   5.6180846e+01   3.5659056e+02
  -1.8891725e+01   1.0068684e+02   3.0401657e+01
   2.2674721e+02   1.0259212e+02   3.1970953e+02
   3.7168938e+01   4.9149823e+01   1.1872563e+02
   6.7526034e+01   1.3475398e+02   9.6587556e+01
  -6.1524150e+00   6.2236079e+01   7.7732214e+01
   9.0057729e+01   1.3444438e+02   2.7612783e+02
   3.2934069e+02   3.1667806e+01   2.0851329e+02
  -1.2033994e+01   4.7401190e+01   1.3141960e+02
   2.3700546e+02   6.3767567e+01   2.2930077e+02
   6.4710603e+00   8.4794171e+01   5.5446219e+01
  -4.1268808e+00   2.2729945e+01   5.9407919e+01
   3.0302849e+02   6.2958753e+01   1.1030224e+02
   2.9562469e+02   1.4810410e+02   3.2161103e+02
   6.9176969e+01   5.7702631e+01   1.3136999e+02
  -1.3744809e+01   1.3912086e+02   2.1802880e+02
   8.2247212e+01   2.9811374e+01   3.4048433e+02
   1.9642352e+02   4.5221292e+01   5.7473865e+01
   1.8303681e+02   1.0632896e+02   1.8628826e+02
   1.6056629e+02   1.2185496e+02   2.0158795e+02
   2.9450696e+00   3.5266124e+01   1.3580905e+02
   3.2325048e+02   2.7871743e+01   1.3470764e+02
   1.0594505e+02   1.5001304e+02   6.6144228e+00
   3.1256298e+02   2.1272259e+01   1.5095010e+02
   2.3726226e+02   7.2608105e+01   4.3950654e+01
   8.4930508e+01   1.2735191e+02   2.3733118e+02
   2.8935361e+02   9.9135298e+01   3.4266523e+02
   1.8560262e+02   7.8879009e+01   9.7264925e+01
   2.1826675e+02   1.0780769e+02   3.2171516e+02
   1.8692573e+01   5.0298239e+01   1.4554052e+02
   5.4422224e+01   1.0762120e+02   2.2100450e+02
   1.8006578e+02   4.4725095e+01   2.3578026e+02
   6.5155029e+00   1.2170905e+02   1.1516049e+02
   1.1080194e+02   1.2438471e+02   3.2226901e+02
   5.0378526e+01   1.5756565e+02   2.7919155e+02
   1.7253610e+01   1.3387991e+02   3.2717553e+02
   2.5952436e+02   1.1342621e+02   3.3941957e+02
   3.2092197e+01   1.0466906e+02   6.0049359e+00
   3.0789524e+02   4.1094190e+01   3.4534394e+02
   3.0240387e+02   5.3623420e+01   1.2798577e+02
   5.3193857e+01   1.1431283e+02   2.9452102e+01
  -1.7586497e+01   9.6759576e+01   2.7090948e+01
   2.8940111e+02   4.4187763e+01   2.1929753e+02
   2.6632961e+02   6.2103704e+01   2.0904589e+02
   3.1099206e+02   3.9833293e+01   2.1847171e+02
   1.1988867e+02   1.3607411e+02   3.3206976e+02
   3.5212694e+00   1.3116543e+02   2.4080943e+01
   2.5538159e+02   1.0727213e+02   2.3579222e+02
   2.8664052e+02   7.4005826e+01   1.0264805e+02
   1.6426651e+02   6.5183526e+01   7.8866018e+01
   1.5803788e+02   1.0296681e+02   1.7572217e+02
   2.6096905e+02   4.7593042e+01   3.4940582e+02
   1.2263454e+02   4.1654731e+01   3.1728086e+02
   1.3112870e+02   5.7816366e+01   2.0452078e+02
   1.6858172e+02   1.2006587e+02   9.5185017e+01
   1.4332823e+02   3.6736015e+01   3.0216619e+02
   2.1982505e+02   6.8454326e+01   1.6380886e+02
   1.4603043e+02   1.4095105e+02   1.5241051e+02
   9.4754024e+01   1.3848926e+02   9.8629323e+01
   3.0324616e+02   3.6979009e+01   4.9220087e+01
   2.4257428e+02   1.4455551e+02   4.6470010e+01
   9.9676653e+01   7.1298574e+01   5.5869142e+01
   1.7037840e+02   1.0416170e+02   9.6772259e+01
   2.8993965e+02   1.4166663e+02   1.5620020e+02
   2.7245899e+02   7.5663165e+01   1.4252525e+02
   5.7849794e+01   7.5924449e+01   1.5308874e+02
   1.7111402e+02   6.7437777e+01   3.5142039e+02
   1.7883548e+02   1.2097871e+02   2.1064356e+02
  -1.0181077e+01   4.3506573e+01   2.4823226e+02
  -9.9258823e+00   1.3377627e+02   4.6029780e+01
   1.6920662e+02   1.3778296e+02   3.1742506e+02
   1.2682256e+02   3.4588041e+01   2.2118014e+02
   2.6827903e+02   7.7744967e+01   1.6084994e+02
   6.4413930e+01   1.1742611e+02   2.4014274e+02
   2.4973182e+01   9.1679514e+01   4.3284015e+00
   2.4286342e+02   8.1171233e+01   1.2337522e+01
   2.8554306e+02   1.5376914e+01   1.4355736e+02
   1.5076449e+02   8.7871742e+01   3.5260203e+02
   2.5570199e+02   6.7538167e+01   1.2936629e+02
   2.2460980e+01   1.2218879e+02   3.0270972e+02
   1.7529602e+02   1.0761362e+02   1.9539681e+02
   7.0522421e+01   6.2069115e+01   1.4455947e+02
   3.0500065e+02   4.3196128e+01   3.1676266e+02
   2.7653350e+02   1.5039177e+01   3.2845934e+02
   3.2447138e+02   1.0256480e+01   1.1669725e+02
   1.7870821e+02   1.1525880e+02   1.3755136e+02
   2.5447688e+02   3.7597631e+01   1.0458595e+02
   9.6245859e+01   6.1107964e+01   3.1643058e+02
   3.0496833e+02   4.5982337e+01   3.9501899e+01
   1.5068574e+02   7.0763192e+01   2.8049191e+02
   6.1876421e+01   6.2178056e+01   1.4198836e+02
   1.5355379e+02   9.7363704e+01   3.1763735e+02
  -1.6968532e+00   1.0157998e+02   1.5324065e+02
  -9.8762621e+00   1.2434798e+02   1.6789607e+02
   1.8113771e+02   1.1721847e+02   1.2506106e+02
   1.9859563e+02   4.0247560e+01   1.5297523e+02
   2.4102956e+02   1.2936020e+02   3.1422211e+02
   1.2490085e+02   5.6382014e+01   2.8242894e+02
   1.3691425e+02   2.8665976e+01   1.1486788e+02
   1.9208522e+02   2.7854208e+01   1.6387562e+02
  -6.6955215e-01   2.6115345e+01   2.5035284e+02
   1.8942745e+02   1.4191665e+02   3.4408162e+01
   1.6608143e+02   1.5213476e+02   2.6404571e+02
   2.7813179e+02   1.3226434e+02   4.6806307e+01
  -9.7444127e+00   1.1947668e+02   1.9807657e+02
   2.0136824e+02   8.6850134e+01   1.7875034e+02
   5.8351558e+01   1.2391900e+02   1.2492978e+02
   6.7787817e+01   1.4937320e+02   9.3477054e+01
   8.4302382e+00   1.6843803e+02   2.1300000e+02
  -8.2151670e+00   1.4474984e+02   8.1942544e+01
   1.9387788e+02   7.7592097e+01   3.4384238e+02
   1.5645612e+00   5.4280310e+01   3.2542951e+02
   2.2166522e+02   1.5260170e+02   2.2683420e+01
   1.6707856e+02   4.5345405e+01   2.4131730e+02
   6.8978411e+01   7.1566676e+01   6.5968978e+01
   7.8712994e+01   1.0869983e+02   2.4186165e+02
   2.5902683e+02   1.0924520e+02   2.3849595e+02
   1.2190895e+02   8.1278033e+01   2.2472712e+02
   1.3734900e+02   3.3045078e+01   3.4867997e+02
   1.0169617e+02   1.4846593e+02   1.0490608e+02
   2.4290263e+02   6.7805716e+01   3.2946736e+02
  -4.2286029e-01   1.2112196e+02   4.9387472e+01
   2.3788528e+02   6.9544236e+01   3.1731500e+02
   1.3060751e+02   1.1255962e+02   3.2860441e+02
  -4.8828762e+00   1.0731411e+02   6.8016047e+01
   1.5527041e+02   1.3608027e+02   1.1823065e+02
   5.1331987e+00   1.2317418e+02   2.7529746e+01
   2.5352819e+02   1.2022803e+02   4.8867107e+01
  -1.9871468e+01   1.2828431e+02   1.8482155e+01
   1.3520263e+01   1.3829005e+02   3.4438214e+02
   2.1402708e+02   6.1391815e+01   1.0678071e+02
   4.8817046e+01   9.6236944e+01   8.5393035e+01
   5.5420777e+01   1.6474770e+02   2.3765671e+02
   4.6832894e+00   5.9223163e+01   2.2942456e+02
  -2.6891536e+01   6.8689833e+01   1.5465484e+00
  -1.4067358e+01   1.4261814e+02   2.2185946e+02
   2.3176005e+02   4.0388695e+01   2.8140648e+01
   1.7197231e+02   1.3608404e+02   1.1145037e+02
   2.5946029e+02   1.1174705e+02   1.4359562e+02
   2.1685345e+02   7.1401778e+01   1.4245794e+02
   1.6871014e+02   5.1559062e+01   8.0629455e+01
   3.1402654e+02   1.4829019e+02   2.3412535e+02
   7.0452349e+01   6.8039172e+01   2.9854895e+02
   2.3721129e+02   1.1962233e+02   2.5030418e+02
   2.3427116e+02   6.8967197e+01   3.1380477e+02
   1.0361225e+02   1.1712501e+02   2.9347974e+02
   2.6686796e+02   1.6203195e+02   2.5208348e+02
   1.4931565e+02   1.4596276e+02   5.1758476e+01
   2.4136975e+02   1.1754029e+02   3.1426136e+02
   1.1162210e+02   8.6477118e+01   3.0665350e+02
  -1.8562084e+00   6.1045699e+01   3.1955997e+02
   1.3217370e+02   1.3630875e+02   3.2728327e+02
   1.8939714e+01   2.9575119e+01   2.0126145e+02
  -1.2241406e+01   1.4391988e+02   2.5095602e+02
   4.0467555e+01   5.7407738e+01   2.0531966e+02
   1.2426187e+02   1.5340864e+02   3.9458797e+01
   1.6178565e+02   6.8769169e+01   1.5632706e+02
   1.5432187e+02   3.8540163e+01   9.9776363e+00
   1.6264397e+02   1.4316407e+02   2.0582608e+02
   2.2930771e+02   1.0098170e+02   1.9113132e+02
   3.1966874e+02   1.2396548e+02   3.4665975e+02
   2.1106857e+02   6.4175130e+01   3.0919908e+02
  -8.4541381e+00   9.2140768e+01   1.6068450e+02
   1.0833963e+02   9.6756405e+01   1.3801725e+02
   1.6150897e+00   3.1487142e+01   2.3183839e+02
   3.1989548e+02   2.6971352e+01   7.9327624e+01
   2.8909060e+02   4.9517555e+01   1.1249125e+02
   1.4684494e+02   2.7782712e+01   2.1432914e+02
   2.4869822e+02   8.0934889e+01   1.0981439e+02
   2.3212016e+01   5.5443447e+01   3.6398801e+01
   1.4479221e+02   6.4556927e+01   1.3389817e+02
  -4.1394330e+00   1.3569794e+02   7.9975912e+01
   2.5347970e+02   6.7304284e+01   2.3156159e+02
   2.4976903e+02   6.0179359e+01   1.2442737e+02
   1.1174356e+02   1.0228075e+02   2.7959624e+02
   5.5018104e+01   1.3811311e+02   1.5481226e+02
   2.3049208e+02   1.2324207e+02   2.2606789e+02
   3.1812363e+02   4.5189849e+01   2.9526054e+02
   2.2470946e+02   6.7520996e+01   3.2098942e+02
   3.1772633e+02   1.2603066e+02   2.3706495e+02
   1.3339182e+02   1.3838439e+02   2.2084827e+02
  -9.9564352e-01   7.3631811e+01   2.2358215e+02
   3.1147740e+02   1.4062000e+02   1.3703701e+02
  -1.5582861e+00   9.0285508e+01   1.0046688e+02
   1.3244356e+02   5.5090840e+01   3.1720169e+01
   3.0541808e+02   5.6485821e+01   1.5014973e+01
  -1.8552544e+01   5.4765553e+01   2.4816798e+02
   3.0387431e+02   1.5069832e+02   1.7209720e+02
  -2.3757258e+01   4.1402463e+01   2.4269729e+02
  -3.2015232e-01   5.2570187e+01   2.2768795e+02
   4.3697523e+01   8.7301841e+01   1.1330697e+02
   3.1436901e+02   1.1177239e+02   2.9778117e+02
   8.8601171e+01   1.2312207e+02   2.4396807e+02
   9.2307126e+01   4.4782665e+01   2.6753806e+02
   1.7151391e+02   4.3901979e+01   3.2188617e+02
   4.8500889e+01   6.2929954e+01   6.6995479e+01
   1.5474808e+02   1.5355375e+02   2.5414313e+02
   3.1558793e+02   1.6910335e+02   5.1952029e+01
   9.3532585e+01   1.2650045e+02   2.4575434e+01
   1.4498285e+02   1.6453928e+02   3.2739643e+02
  -7.1677786e+00   4.0429140e+01   1.9156915e+02
   1.6757023e+02   1.2103294e+02   3.0626602e+02
   1.9049037e+02   1.2432598e+02   2.6782390e+02
   4.7569874e+01   1.0976696e+02   3.2040730e+02
   1.7002082e+02   1.1138424e+02   3.0086410e+02
   1.2401407e+02   6.2246064e+01   2.9739950e+02
   2.9632201e+02   1.0818418e+02   2.5943867e+02
   1.1640070e+02   1.2445669e+02   2.4757742e+02
   4.2441120e+01   5.3119015e+01   3.1954414e+02
   1.2113960e+02   6.4732275e+01   3.5728030e+01
  -2.4655454e+01   1.3776582e+02   3.2346316e+01
   2.5356968e+02   8.1826628e+01   5.8627216e+01
   9.5178871e+01   5.1209329e+01   7.2446344e+01
   3.1997430e+02   1.4585715e+02   3.1750615e+02
   2.5889272e+02   5.3846143e+01   1.1858110e+02
   2.7097887e+02   1.2800462e+02   1.6630522e+02
   2.2624998e+02   7.4989068e+01   6.7337940e+01
   4.7363825e+01   1.5072387e+02   2.6095761e+02
   1.3097631e+02   1.4952544e+02   1.4174916e+02
   7.6024229e+01   1.2308569e+02   1.3842292e+02
   1.2330229e+02   3.9643503e+01   1.3949969e+02
   8.0038562e+01   1.2499298e+02   6.3596888e+01
  -2.4438843e+01   6.0926930e+01   3.1807895e+02
   4.5615732e+01   7.8065415e+01   2.8728405e+02
   1.6312863e+02   5.3352623e+01   3.0347004e+02
   2.5655185e+02   7.4088922e+01   3.2370126e+01
  -1.9866496e+01   1.4544742e+02   2.0630638e+01
   1.6432526e+02   4.0463699e+01   1.4585577e+02
   9.0449078e+00   1.3275076e+02   1.9369666e+02
   2.7735421e+02   6.1584536e+01   7.5452067e+01
   2.3713581e+02   5.5620951e+01   3.2721361e+02
   5.7614308e+01   5.9034251e+01   2.9530387e+01
   2.9790641e+02   5.9064084e+01   1.9096036e+02
   9.0141092e+01   4.0304088e+01   3.0358886e+02
   1.3889156e+02   9.8135576e+01   7.7522510e+01
  -2.8957130e+01   1.2868472e+02   2.5802132e+02
   1.4357179e+02   1.4625204e+02   3.0200543e+02
   1.8878437e+02   6.8947932e+01   5.7616760e+01
   8.1926974e+01   1.1319969e+02   3.1056059e+02
   7.0735840e+01   6.1174387e+01   2.1553168e+02
   2.5673979e+02   6.4762761e+01   1.0683430e+02
   1.4468000e+02   1.1100724e+02   1.6965516e+02
   6.4379548e+01   9.6660534e+01   1.6578145e+02
   2.1592026e+02   1.0603536e+02   3.3931016e+02
   2.9802686e+02   7.5451460e+01   2.2620333e+02
   1.7538058e+02   2.8639460e+01   2.9029918e+02
   6.5500082e+01   1.1522613e+02   1.4455447e+02
   5.6485335e+00   1.1770297e+02   2.0458132e+02
   3.0424985e+02   1.2071721e+02   1.1570196e+02
  -6.8718886e+00   3.2679089e+01   1.3637018e+02
   2.2808999e+02   9.4149117e+01   1.2555690e+02
   2.2276312e+02   1.1961366e+02   2.1905045e+02
   1.9546860e+02   3.1522692e+01   2.5882902e+02
   2.3620447e+02   6.9029234e+01   2.2406747e+02
  -2.0029985e+01   1.6147755e+02   3.1224778e+01
   3.1138034e+02   1.1234096e+02   6.9503056e+01
   1.2781704e+02   1.1655665e+02   6.5352095e+01
   1.5590162e+02   1.4789217e+02   1.7639524e+02
   1.7386409e+02   3.4819788e+01   3.0918987e+02
   3.1441330e+02   5.5822681e+01   4.3477487e+01
   6.7927654e+01   1.3760462e+02   5.0371160e+01
   1.5971641e+02   9.4418236e+01   3.4099034e+02
   7.2724685e+01   1.1550594e+02   3.2902400e+02
   2.9802927e+02   9.6872576e+01   2.2713962e+02
   1.7000069e+02   4.0360867e+01   2.3138906e+02
   4.7286663e+01   7.7877431e+01   1.5791604e+02
   2.6764271e+02   1.3824153e+02   2.5479418e+02
   3.2670939e+02   1.3849563e+02   2.1525237e+01
   1.9797978e+01   7.8574811e+01   1.9067270e+02
   1.2115885e+02   5.7936228e+01   2.0685328e+01
   1.2759052e+02   1.3737051e+02   2.3487369e+02
   1.2043475e+02   1.0798959e+02   2.3981693e+02
   1.2355054e+02   5.4388068e+01   2.1206814e+01
   2.8510176e+02   1.4029348e+02   2.8014634e+02
   2.2355243e+02   9.6768227e+01   2.2248644e+02
   2.0400351e+02   9.8411068e+01   1.2335924e+02
   1.4892799e+02   1.1724531e+02   1.8075145e+02
   1.1600719e+02   7.0496876e+01   2.8324301e+02
   1.4518980e+02   1.4062177e+02   1.5766512e+02
   1.8945487e+02   2.7350348e+01   1.7473409e+02
  -1.9817754e+00   8.8092498e+01   3.9653872e+01
   5.6915771e+01   9.6281654e+01   3.2995795e+02
   2.6334575e+02   6.7345765e+01   4.2534578e+01
   3.0499537e+02   4.7314967e+01   2.3486292e+02
   2.4555910e+02   6.4917865e+01   2.9950564e+02
  -2.0717704e+01   1.1250870e+02   1.5574269e+02
   2.7473170e+02   9.3486016e+01   1.5371937e+02
   1.4105401e+02   1.2149194e+02   7.5085989e+01
   5.8376588e+01   1.2182379e+02   2.2309984e+02
   1.7335374e+02   5.1943292e+01   2.4680541e+02
   1.4803215e+02   1.4502817e+02   2.4668336e+02
   2.4789862e+02   1.1411222e+02   2.2223735e+02
  -2.4649393e+01   5.6021185e+01   1.0543008e+01
   1.5468068e+02   1.3075828e+02   1.8934011e+02
   1.6814972e+02   1.3148120e+02   1.8375349e+02
   1.3081617e+01   1.6276510e+02   3.4693303e+02
   2.1057964e+02   6.2590092e+01   3.3191653e+02
   3.2487754e+02   1.3930589e+02   2.9514416e+02
   1.1887084e+02   4.8674755e+01   3.0492722e+01
   1.8166169e+02   6.5325778e+01   9.9126101e+01
   1.9399594e+02   7.7860099e+01   2.6762812e+02
  -3.4755275e+00   1.5669529e+02   4.5817767e+01
  -2.1549516e+01   1.2071552e+02   2.0941526e+02
   2.3477405e+02   1.2173309e+02   2.1191457e+02
   3.0742081e+02   1.4797729e+02   2.2418746e+02
   1.3008580e+02   1.4892846e+02   2.2317542e+02
   3.1499253e+02   1.3505452e+02   3.1907044e+02
   1.2244344e+02   2.7463928e+01   3.0765672e+02
   2.3892637e+02   9.9941342e+01   4.2048917e+01
   2.8649821e+02   1.4603037e+02   3.0242558e+01
   1.6239039e+02   2.3356571e+01   1.4984536e+02
  -6.7780916e+00   3.7613942e+01   2.3338332e+02
   2.6488286e+02   1.1442814e+02   5.8062968e+01
   2.9508682e+02   1.2554498e+02   2.4161229e+02
   8.1574113e+01   3.3948438e+01   2.7695899e+02
   2.9994148e+02   9.2615799e+01   2.7565902e+02
   1.5052502e+02   1.4169187e+02   2.9351471e+02
   1.2999504e+02   1.1759375e+02   3.3101053e+02
   2.5849054e+02   6.7416716e+01   2.2572262e+02
   6.7316572e+00   1.2026127e+02   1.3102812e+02
   1.6571778e+02   3.9777866e+01   2.3009466e+02
   2.5161575e+02   3.3649432e+01   1.9467585e+02
   6.3768388e+00   9.0354460e+01   6.0954569e+01
   7.1197639e+01   3.1228522e+01   3.3484337e+02
   1.1830813e+02   5.6439774e+01   2.9515067e+02
   2.9575406e+02   6.3055902e+01   2.2382786e+02
   2.9670190e+02   6.5964539e+01   7.4955065e+01
   1.8592314e+02   1.4491659e+02   1.2914381e+02
   9.9913771e+00   6.7089992e+01   7.1138327e+00
   6.3003727e+00   1.3254605e+02   2.5406856e+01
   2.5433502e+02   1.7222747e+02   2.1658003e+02
   6.8206399e+00   8.5386223e+01   2.1865358e+02
   1.4627049e+02   1.4480438e+02   2.5084658e+02
   1.3732620e+02   1.0079775e+02   1.5899668e+02
  -5.8245504e-01   5.8020888e+01   6.9925972e+01
   2.4645980e+02   1.0002391e+02   1.6878776e+02
   1.8651760e+02   1.2234317e+02   3.1894981e+01
   1.6555366e+02   5.7264342e+01   6.4032336e+01
   1.4671674e+02   5.5326938e+01   3.0215675e+02
   3.1233509e+02   4.9473824e+01   3.5739561e+01
   2.0833995e+02   7.5151751e+01   2.1467289e+02
   2.9472216e+02   6.3906622e+01   3.6903355e+01
   2.4831527e+02   8.5004851e+01   2.6044514e+02
   1.3585958e+02   1.2698668e+02   1.4839191e+02
   1.5943477e+02   1.5029150e+02   1.3727536e+02
   2.4948186e+02   7.2865454e+01   1.3011275e+02
   1.1838358e+02   1.2014425e+02   2.4796556e+02
   4.3064256e+01   7.9158579e+01   2.2139279e+02
   7.7435412e+01   1.1399915e+02   2.3285426e+02
   1.2965949e+02   4.2493364e+01   2.5704033e+02
   2.4025901e+02   6.9937142e+01   3.1304800e+02
   3.0551331e+02   1.2461115e+02   1.4691983e+02
   3.3678394e+01   8.4018366e+01   2.1514099e+02
  -2.2648166e+01   4.3489738e+01   1.5325547e+02
   2.7011001e+02   1.7193982e+02   4.3862980e+01
   1.4034969e+02   1.3857580e+02   1.2598320e+02
   9.1126573e+00   5.6623284e+01   1.9682842e+02
   2.0595761e+00   1.6358242e+02   4.5755687e+01
   1.1446652e+01   1.3562144e+02   2.9338770e+01
   2.3815510e+02   9.1459851e+01   6.0548838e+01
   3.0470229e+01   1.1104976e+02   1.0420458e+02
   3.2010372e+02   3.5952884e+01   2.4365384e+02
   7.2961309e+01   7.6802336e+01   1.6453520e+02
   5.7012088e+01   1.2295153e+02   2.2954182e+02
   1.8564860e+02   1.6551294e+02   1.7971743e+02
   4.6030871e+01   5.8020845e+01   1.5001433e+02
   3.6346396e+01   6.6922814e+01   5.4235079e+01
   2.7679542e+02   1.1216104e+02   2.1052168e+01
   5.8122425e+01   1.2791240e+02   2.6498207e+01
   2.3178062e+02   1.1668365e+02   1.2163564e+02
   1.1428465e+02   1.6118760e+02   1.2098562e+02
   8.1816203e+01   4.8602409e+01   3.5458548e+02
   1.7814526e+02   7.5075644e+01   5.8410792e+01
  -2.2232056e+01   4.5137068e+01   7.2689760e+01
   2.1214435e+02   5.1831513e+01   3.4245706e+02
   2.0536768e+02   5.8092028e+01   2.7059901e+02
   3.2669499e+02   1.2286478e+02   2.6721986e+02
   1.1105707e+02   6.3748360e+01   2.3275117e+02
   4.1294571e+01   1.1813574e+02   2.0569944e+02
   1.5058240e+02   4.7231555e+01   1.6691316e+01
   1.2960972e+01   4.9801721e+01   3.1783152e+02
   3.9651749e+01   1.0164539e+02   3.3207223e+01
   6.9733906e+01   1.1505923e+02   5.5734920e+01
   3.2227374e+02   5.8056161e+01   1.8428038e+02
   1.5657065e+02   1.3936433e+02   1.3543301e+02
   1.8479013e+02   1.1182294e+02   3.0258797e+01
   1.5279672e+02   1.0337579e+02   3.1815437e+02
   1.8795327e+02   5.7233436e+01   2.2735998e+02
   1.4276336e+02   1.4085199e+02   3.2008584e+02
   8.7007877e+01   1.6076122e+02   8.8474256e+01
   4.1017829e+01   1.7586032e+02   5.9041180e+01
   7.5462652e+01   7.7048556e+01   2.1714248e+02
   2.8064144e+02   1.7040275e+02   2.3709739e+02
   1.1279889e+02   1.3443304e+02   2.2523713e+02
   6.6432586e+01   1.3163873e+02   9.2022563e+01
