   1.6108638e+02   1.0527728e+02   6.1115012e+01
   2.2200889e+02   9.8486081e+01   1.7555541e+01
  -1.7421997e+01   1.4484192e+02   8.1294167e+01
   2.3837993e+02   7.0427683e+01   1.3210959e+02
   2.4658198e+01   6.2443937e+01   2.0442470e+02
   4.5749226e+01   6.6290899e+01   3.1477032e+02
   1.4613397e+02   1.1347589e+02   2.0509755e+02
   1.9757491e+02   5.3588056e+01   3.4349477e+02
   2.1716862e+02   1.1842561e+02   1.3042137e+02
   2.8768672e+02   1.0890534e+02   2.8035953e+02
   3.0998033e+02   6.2053642e+01   2.1248696e+02
   3.0610562e+02   1.3852994e+01   3.9838847e+01
   2.2821264e+02   1.1808076e+02   5.9026618e+01
   6.4716788e+01   6.6575392e+01   2.3064406e+02
   2.2630983e+02   1.4509845e+02   2.5926957e+01
  -4.1834696e+01   4.9035611e+01   2.9005017e+02
   3.1496119e+01   6.7030453e+01   2.2053947e+02
   4.9836373e+01   1.1101876e+02   3.1268146e+02
   2.7825555e+02   1.4198368e+02   3.0239162e+02
   2.9287841e+01   9.3355150e+01   1.3170449e+02
   2.6509706e+02   7.4292541e+01   1.0342910e+02
   1.9182390e+02   8.7103111e+01   2.6691772e+02
  -8.2059278e+00   1.3583375e+02   2.4115475e+01
  -2.5892379e+01   1.4127689e+02   2.9947119e+01
   1.6396733e+02   1.1667756e+02   2.7257974e+02
   3.0185578e+02   1.3041857e+01   8.6656692e+01
   2.5915415e+02   5.3843232e+01   8.3127541e+01
   1.5457159e+02   1.2035549e+02   2.9877746e+02
   7.9274221e+01   4.0196754e+01   5.5257085e+01
   2.2611848e+02   2.9926073e+01   4.3158176e+00
   2.0809793e+02   1.0765320e+02   4.7690865e+01
   6.5549697e+00   5.9466991e+01   3.1087379e+02
   4.3784514e+01   1.2557253e+02   7.5379157e+01
  -3.5422766e+01   1.5134696e+02   2.5707029e+01
   1.2254018e+02   1.4280447e+02   4.7356383e+01
  -7.0022967e+00   1.2179637e+02   3.0442452e+02
   9.5609912e+01   1.2785879e+02   5.8892020e+01
   6.8608051e+01   1.2558854e+02   3.2978211e+02
  -3.0621062e+01   6.8854902e+01   7.7105778e+01
   2.8563428e+02   6.4954118e+01   3.0036832e+02
   2.9062647e+02   1.3387452e+02   6.1508188e+01
   1.2136075e+02   1.0680722e+02   3.2608597e+02
   2.2744792e+02   9.3854883e+01   2.2900838e+02
  -2.7454277e+00   9.7079921e+01   9.9998101e+01
   1.3183191e+01   3.5159081e+01   3.4956716e+01
  -2.3937751e+01   1.4388620e+02   3.1942181e+02
   1.0611210e+02   4.8150219e+01   2.8181575e+02
   5.0550840e+01   6.3494507e+01   4.0056155e+01
   1.9480153e+02   1.0254653e+02   2.4030754e+02
   2.8940849e+02   5.8321456e+01   1.2101231e+02
   3.0533558e+02   6.2098160e+01   2.2056212e+02
   5.5674157e+01   1.1475127e+02   1.2376527e+02
   1.6383520e+02   3.7371539e+01   4.5160400e+01
   1.4630147e+02   1.1456509e+02   2.4852200e+02
   2.9004936e+02   1.1397936e+02   8.4081229e+01
   1.4912108e+02   4.2484565e+01   1.3962532e+02
   1.4998466e+01   1.6186305e+02   1.1089059e+02
   2.3912990e+02   3.3312911e+01   1.2862825e+02
  -7.9324749e+00   6.8157266e+01   7.8011256e+01
   2.9201862e+02   1.3731922e+02   1.4871205e+02
   2.7310417e+02   1.2210309e+02   2.4382080e+02
  -3.1768688e+01   1.4042777e+02   1.2085780e+02
  -3.2429414e+01   1.4283662e+02   1.2564991e+02
   2.1412551e+02   1.0283347e+02   2.9804105e+02
   9.7590248e+01   5.7204990e+01   1.1936449e+02
   1.4300554e+02   9.0303367e+01   2.6496530e+02
   3.0568551e+02   5.4467609e+01   3.6066854e+00
   2.2719751e+02   1.0385908e+02   1.2812915e+02
   1.5770872e+02   6.0428324e+01   1.5948349e+02
   2.1512523e+02   1.2425196e+02   8.6383650e+01
   1.0109297e+02   5.6387974e+01   2.0684083e+02
   1.2786754e+02   1.3391773e+02   1.6001855e+02
   2.1435937e+02   7.5446993e+01   2.3638277e+02
   1.0423832e+02   1.1595641e+02   2.4099672e+02
   2.1375699e+02   1.0913966e+02   2.8265688e+01
  -1.7397322e+01   1.1627319e+02   2.0918985e+02
  -1.4947843e+00   1.2352638e+02   2.2058384e+02
  -4.4063572e+01   6.3555511e+01   3.3393914e+02
   2.9020942e+01   5.6929873e+01   2.7467525e+02
   1.1032197e+02   1.3525188e+02   2.2843076e+02
   2.0908771e+02   1.1497093e+02   1.2160913e+02
   9.3791058e+01   1.2167718e+02   2.2586226e+02
   2.7992073e+02   1.4865200e+02   2.2950954e+02
  -2.5824068e+01   1.3399346e+02   4.4702723e+01
   4.8732908e+01   6.7259049e+01   1.3657936e+02
   3.1322621e+02   1.3928842e+02   2.5106062e+02
  -1.6216307e+01   7.6151844e+01   2.4694426e+02
   2.1971798e+02   5.8358271e+01   2.5159416e+02
   2.5115424e+02   8.8684339e+01   2.1254336e+02
   1.0887895e+02   6.2136406e+01   1.1339619e+02
   1.7316502e+02   5.8795154e+01   1.3768004e+02
   7.8620629e+01   1.0994933e+02   3.4633999e+02
   1.4898704e+02   1.5612756e+02   2.2045975e+02
  -1.5728985e+01   1.4131917e+02   3.1191199e+02
   4.0097158e+00   1.7579797e+02   2.8128444e+02
   1.0427754e+02   1.1754092e+02   1.4735784e+02
   1.9472019e+02   8.0718330e+01   1.9383389e+02
   2.5395881e+02   1.3102011e+02   3.3889770e+01
   1.9750351e+02   1.2760292e+02   3.1896313e+02
   2.3431854e+02   1.0576133e+02   1.5178103e+02
   1.4247114e+02   1.4290226e+02   1.6679814e+02
   5.2052753e+00   1.3437544e+02   9.2698248e+01
   9.1377678e+01   8.9378933e+01   1.6686247e+02
   1.9921066e+02   1.6484588e+02   1.1908738e+02
   1.4073303e+02   9.3301152e+01   2.7243842e+02
   3.0709993e+02   1.5520923e+02   2.8902576e+02
   5.1380892e+01   9.6630706e+01   2.8912237e+02
   2.6708778e+02   1.3228986e+02   3.1558927e+02
   8.9551753e+01   8.1709049e+01   3.1490664e+01
   4.1869234e+00   5.0458225e+01   2.4044890e+02
  -1.5231043e+01   1.4602854e+02   1.8087191e+02
   1.2401173e+02   1.5111405e+02   6.2973213e+01
   2.2097653e+02   1.2229834e+02   1.2080233e+02
   1.4873015e+02   5.3110906e+01   1.6513833e+02
   8.8944410e+01   1.2052458e+02   2.1188213e+02
   3.0285354e+02   1.2649681e+02   2.1829593e+02
   9.1985868e+01   1.0722540e+02   1.2669573e+02
   1.6516831e+02   1.4266366e+02   1.3157156e+02
   1.1603891e+02   1.4077365e+02   2.2385004e+02
  -2.6077877e+01   1.3637563e+02   2.7929132e+01
   3.1718146e+01   8.1933881e+01   1.5215221e+02
   3.5558077e+01   6.2276626e+01   3.2448458e+02
   6.3782555e+01   1.0047648e+02   7.4418355e+01
   6.1029146e+01   1.4049002e+02   9.4375637e+01
   4.8532884e+01   1.0069439e+02   3.5513749e+01
   1.2185101e+02   6.9398790e+01   5.4022748e+01
   3.1062682e+02   8.5063715e+01   1.1556696e+02
   9.3627316e+01   1.0660313e+02   2.1398020e+02
   2.9456431e+02   7.1144322e+01   5.5345702e+01
   1.5120431e+01   6.9059051e+01   2.2545216e+01
   6.2542956e+01   1.1095980e+02   1.3941991e+02
   2.8800146e+02   1.3746628e+02   2.8016028e+00
   2.2656145e+02   9.6936011e+01   2.7873365e+02
   2.6337580e+02   2.9027000e+01   2.4553621e+02
   1.1393806e+02   1.1627423e+02   3.3392638e+02
   1.7185915e+02   8.1926245e+01   4.3381136e+01
  -6.3479442e+00   8.1067047e+01   2.5893122e+02
   9.4355568e+01   5.4664871e+01   3.7919418e+01
   1.6051957e+02   1.0980072e+02   1.1187988e+02
   1.4401563e+02   4.1137121e+01   1.1022954e+02
   1.1897001e+02   5.8048262e+01   5.8267477e+01
   1.9065230e+02   1.2040418e+02   4.3257654e+01
  -2.4288077e+01   6.7187863e+01   2.4521476e+02
   2.0149139e+02   1.0719677e+02   3.7493924e+01
  -3.7345364e+01   1.1422206e+02   5.2137596e+01
   5.9328626e+01   8.1871072e+01   2.0817991e+01
   2.9033238e+02   7.4359038e+01   4.8579121e+01
   1.4004697e+02   1.0166667e+02   5.3209579e+00
  -1.6187045e+01   5.9234906e+01   3.3576346e+02
   3.8993552e+01   5.8505375e+01   1.3529606e+02
  -8.5998690e+00   5.5981782e+01   3.2136130e+02
   2.7010743e+02   1.2014782e+02   6.8082174e+01
   9.1115824e+01   2.9464019e+01   2.5510363e+01
   6.4148805e+01   7.9299896e+01   2.1002975e+02
   2.7342415e+02   9.5865651e+01   1.3629510e+01
   1.4751859e+02   8.6355362e+01   1.1083327e+02
   1.5449861e+02   4.9188648e+01   3.2023687e+02
  -8.2280428e+00   1.3651780e+02   2.5189136e+01
   2.5116178e+02   1.0227621e+02   6.6986235e+01
   2.7633698e+02   7.4354947e+01   1.8566480e+02
  -8.0051664e+00   7.0351997e+01   1.4166387e+02
   3.1336500e+01   9.7006020e+01   3.5827039e+02
   1.0931382e+02   1.2385999e+02   2.3809685e+02
   2.0757807e+02   1.3084548e+02   1.5825599e+02
   8.5086299e+01   6.7122108e+01   5.4518273e+01
   1.3267130e+02   1.4092468e+02   3.2818349e+02
  -4.4497543e+01   3.1804379e+01   2.8009819e+02
   2.8410209e+02   5.7704784e+01   3.5146116e+01
   9.3351002e+01   1.0499817e+02   2.6682245e+02
   1.6174335e+02   1.2902122e+02   2.9843508e+02
   2.4194035e+02   1.2002968e+02   6.2893319e+01
   1.1953450e+02   2.9441322e+01   8.3044694e+01
   1.3241390e+02   1.3624436e+02   2.9295963e+02
   7.0251448e+01   7.3884428e+01   3.1551740e+01
   9.6604338e+01   3.8798152e+01   1.6935326e+02
   1.0789844e+02   1.2695618e+02   2.4855811e+02
   2.0250440e+01   9.1955044e+01   1.0541866e+02
   3.0375620e+01   7.4951551e+01   1.4646621e+02
   1.6874087e+02   9.4011978e+01   1.5488541e+02
   1.6900789e+02   1.4141229e+02   3.1365437e+02
   3.0450310e+02   3.4124591e+01   3.0643292e+02
   1.7089301e+01   1.4069340e+02   2.5461005e+02
   2.9088056e+02   1.4164817e+02   5.1470393e+00
  -2.4761963e+01   9.6231049e+01   8.8501350e+00
   1.4794974e+02   2.9319317e+01   3.1517524e+02
   2.1354581e+02   9.6921735e+01   2.1872552e+02
   2.7620691e+01   2.8635039e+01   8.5317929e+01
   1.3797074e+02   7.4476835e+01   2.1537556e+02
   2.2831735e+02   3.0757587e+01   3.3343134e+02
   7.5787530e+00   1.5095604e+02   1.2038886e+02
   1.2515260e+02   1.2019422e+02   3.2899410e+02
   2.9018628e+02   1.1271342e+02   1.5949186e+02
   1.0690130e+02   2.5903776e+01   3.5689700e+01
   1.1644029e+02   5.8619855e+01   2.8660818e+02
  -2.4660455e+01   1.6831369e+02   2.5745443e+02
   1.9771216e+02   1.3163206e+02   2.5978983e+02
   5.5731144e+01   5.9299868e+01   2.8168954e+02
   2.0376831e+02   1.1278814e+02   4.1705335e+01
   2.3583134e+02   4.8114554e+01   3.3913624e+02
   3.0162284e+02   7.7776781e+01   1.7124652e+01
   1.9749266e+02   4.9947987e+01   2.6337628e+02
  -5.5012829e+00   1.3151996e+02   2.1790673e+02
   2.4972139e+02   7.4034210e+01   1.2751279e+02
   2.0276814e+02   8.7946404e+01   2.8812614e+02
   1.3443212e+02   2.7660336e+01   1.6804383e+02
   2.1314110e+02   5.8634766e+01   3.2437350e+02
  -9.3483144e+00   6.1156896e+01   1.0049035e+02
   5.8590449e+01   6.6286862e+01   1.6099590e+01
  -1.6103152e+01   1.2830289e+02   1.1381790e+02
   1.4872042e+02   6.0696462e+01   2.8351835e+02
   4.7062701e+01   6.6602054e+01   1.2557428e+02
   1.0432236e+02   1.0611147e+02   3.4516766e+02
  -4.0921182e+01   4.1612645e+01   3.2368459e+02
   1.0792402e+02   1.1152864e+02   1.4726827e+02
   5.9701100e+01   1.2254508e+02   5.5306096e+01
   3.6078626e+01   7.5725918e+01   1.3439004e+02
   1.0370029e+02   1.3070185e+02   3.2276688e+02
   1.4988837e+02   5.2195863e+01   1.7112252e+02
   2.8186535e+01   6.7988749e+01   2.3658083e+02
   5.6823654e+01   2.1837712e+01   2.7924620e+02
   1.6724566e+02   1.5456339e+01   3.0148208e+02
   2.9958166e+02   1.1759701e+02   3.3467137e+02
   1.6937320e+01   3.3147504e+01   1.2399145e+02
   1.6235340e+01   1.1566059e+02   6.8829337e+01
   1.9848341e+02   1.5197575e+02   1.3623801e+02
   1.6005400e+02   5.0059698e+01   9.2280183e+01
   3.8509002e+01   6.7726406e+01   2.3639099e+02
   2.1886499e+02   5.8324916e+01   2.3044023e+02
   1.5360138e+02   1.2986311e+02   7.7267663e+00
   3.0181230e+02   1.3704830e+02   1.5230984e+02
   3.0327875e+02   1.5845625e+02   1.0558036e+02
  -3.6130286e+01   1.4184206e+02   1.2245417e+02
   1.8123188e+02   5.7135547e+01   8.6552200e+01
   7.1837898e+01   8.5350949e+01   7.2932043e+01
   1.4256565e+02   1.0968934e+02   1.2535948e+02
   6.0255865e+01   7.2951461e+01   2.2273923e+02
   1.0268874e+02   1.4431109e+02   3.9035626e+01
   3.0421882e+02   4.0574116e+01   3.1373926e+02
   2.6637720e+02   8.1000073e+01   1.9337385e+02
   3.1287896e+02   4.4845183e+01   4.4753138e+01
   2.4654025e+02   1.0186886e+02   3.0937501e+02
  -1.2630492e+01   1.1922761e+02   3.2902657e+01
   3.5312346e+01   1.0850974e+02   1.2772781e+02
   2.5685576e+02   7.3456084e+01   6.9385791e+01
   8.0062973e+01   9.9194878e+01   1.7590303e+02
   2.2617045e+01   7.0982097e+01   2.3329664e+02
   1.1498955e+02   1.5095711e+02   1.2814537e+02
   1.5602301e+02   1.3233409e+02   3.2391666e+02
   1.2526529e+02   1.2484968e+02   1.3122241e+02
   3.1041340e+02   5.0221359e+01   1.1913964e+02
   3.6324943e+01   1.2144250e+02   2.1082474e+02
   2.2478756e+02   8.4731349e+01   1.4652375e+02
   2.9318862e+02   1.2945000e+02   2.6457078e+02
   1.1101128e+02   1.4266716e+02   2.1880246e+02
   1.2434634e+02   7.8645529e+01   4.0106411e+01
   9.8953608e+01   1.5231206e+02   4.4723153e+01
   1.9550946e+02   1.2183343e+02   1.0796577e+02
   1.2823298e+02   1.2609832e+02   2.9056901e+02
   6.7624781e+01   1.0763810e+02   1.5864757e+02
   9.5478144e+01   1.0981690e+02   3.2473955e+02
   5.8018708e+01   1.1872638e+02   3.2891923e+02
  -2.5913901e+01   3.7405097e+01   3.1679788e+02
   2.3408845e+02   6.4940552e+01   2.1814487e+02
   1.4674450e+02   1.4294529e+02   2.1649123e+02
   1.5268151e+02   1.3250377e+02   3.0079010e+02
   2.0573233e+02   1.2267531e+02   1.3762520e+02
   2.3846748e+02   7.2697458e+01   4.4833836e+01
   2.9878678e+02   1.5067586e+02   5.6698000e+01
   1.0106567e+02   1.1471448e+02   2.3406633e+02
   1.9545775e+02   1.1957727e+02   2.1965145e+01
   1.6925609e+02   2.7715873e+01   2.7543889e+02
   7.6106572e+01   7.3552258e+01   1.2031621e+02
   3.0043820e+02   4.8842837e+01   2.5896166e+02
  -3.9913773e+01   1.4769131e+02   2.5141024e+02
   1.1414701e+02   1.0285448e+02   1.2093539e+01
   9.4825422e+01   1.1104275e+02   1.5454930e+02
   3.0131864e+02   1.3154251e+02   2.2162460e+02
   3.9305378e+01   1.1960095e+02   4.0813057e+01
   1.9849810e+02   6.1299217e+01   4.0386552e+01
   2.0918802e+02   4.1790053e+01   1.8216777e+01
   2.9976939e+02   1.0679511e+02   1.9875690e+01
   3.6679942e+01   4.6157476e+01   1.4038904e+02
   2.9335570e+02   1.2996673e+02   9.4390548e+00
   2.3640693e+02   1.1090095e+02   1.3309199e+02
   3.0077173e+02   4.3628766e+01   5.1444512e+01
   2.5515271e+02   6.8570039e+00   3.4395681e+02
   1.0886875e+01   2.3327689e+01   1.8907697e+02
   2.5395558e+02   1.3347259e+02   2.7225145e+02
   1.2209052e+02   3.0921590e+01   2.1233459e+02
   1.5268116e+02   3.8734472e+01   2.2969222e+02
   2.2073025e+02   1.1404811e+02   3.1098119e+02
   6.2527834e+01   9.8676283e+01   2.6600603e+02
   1.4338992e+02   1.2363031e+02   1.1499012e+02
   2.7257357e+02   5.8746788e+01   1.2730954e+02
   2.5438696e+02   1.3665299e+02   3.0532674e+02
  -4.3162028e+01   1.3993273e+02   2.1059838e+02
   2.4062181e+02   6.8533176e+01   1.2684738e+02
   1.7535474e+02   1.3148308e+02   2.1611260e+02
   1.4908765e+02   1.1866246e+02   1.7771286e+02
   4.8539469e+01   8.4897902e+01   4.1340700e+01
   8.2453833e+01   1.4667662e+02   2.9241806e+02
   1.2330223e+02   3.5103324e+01   3.0631063e+02
   2.2225729e+01   7.8681975e+01   2.4005850e+02
   8.1236424e+01   1.6032672e+02   1.3744191e+02
   1.6070173e+02   1.3917980e+02   2.2503222e+02
   2.3298673e+01   9.5174089e+01   2.5877123e+02
   1.6339478e+02   5.2978219e+01   3.2833491e+02
  -2.5665349e+01   3.9801033e+01   1.8029656e+00
   2.5584874e+02   1.0957270e+02   1.5070604e+02
   1.6941014e+02   1.3584629e+02   3.1341932e+02
   9.3294344e+01   2.7458424e+01   2.0135775e+01
  -4.1580100e+01   1.1319093e+02   2.1059988e+02
   1.2445352e+02   1.2410455e+02   3.3933139e+02
   1.6383114e+02   1.3109951e+02   3.0160919e+02
   6.6248890e+01   9.8253399e+01   1.0757798e+02
   2.5622900e+02   7.1211994e+01   1.4744253e+02
   5.6281256e+01   1.0375815e+02   2.1099229e+02
   2.3544894e+02   4.9296819e+01   2.0779037e+02
   2.3628359e+02   1.3669048e+02   1.1362376e+02
   9.9145906e+01   1.3143720e+02   4.9784453e+01
   2.4478290e+02   1.1733931e+02   2.4122892e+02
   1.4634513e+02   1.4377929e+02   5.3049041e+01
   1.0409226e+01   1.1293439e+02   3.5695054e+02
   4.5390164e+01   1.1020207e+02   2.2941006e+02
  -3.2862060e+01   1.0389100e+02   2.8009432e+02
   1.4409133e+02   4.9626523e+01   3.8697568e+01
  -1.5653282e+01   5.8109385e+01   2.4224693e+02
   1.6911714e+02   6.0014822e+01   7.0965667e+01
   5.6966324e+01   7.5255701e+01   1.2033246e+02
   2.7573733e+02   7.1863967e+01   2.1805472e+02
   2.1235180e+02   1.2602474e+02   1.3665226e+01
   2.1938014e+02   1.6184132e+01   3.3206638e+02
   1.5256473e+02   5.6129037e+01   1.4951651e+02
   1.1686890e+02   9.7149078e+01   1.3433104e+02
   2.0547876e+01   4.7902708e+01   3.5609786e+02
   1.1457513e+02   1.1525061e+02   2.4811629e+02
   3.0415665e+02   1.4875687e+02   2.4461964e+02
   1.1268041e+02   1.0855937e+02   2.4424894e+02
   3.7945535e+00   8.5505644e+01   1.9564417e+02
   2.0290505e+02   7.5926871e+01   3.2866422e+02
   5.3197781e+01   1.6175860e+02   2.0279395e+02
   1.8383166e+02   1.7052288e+02   6.7643503e+01
   2.4522765e+02   5.5098141e+01   7.7578426e+01
   2.1434422e+02   6.6084609e+01   3.4288400e+02
   1.9543584e+02   9.6039513e+01   1.7471048e+02
   5.8172093e+01   1.1499411e+02   7.9020265e+01
   6.2789626e+00   4.3417854e+01   3.3727412e+02
   1.6544707e+02   6.6555483e+01   1.4907430e+02
   2.6633997e+01   1.2018037e+02   3.1810900e+01
  -1.7710142e+01   6.3883961e+01   1.6598553e+02
   4.3515085e+01   7.1792637e+01   9.9944869e+01
   2.0408292e+02   1.1550645e+02   3.4311727e+02
   1.1920311e+02   1.3183097e+02   3.1817165e+02
  -1.9171136e+01   7.3193976e+01   2.9337570e+02
   1.0563863e+02   1.3511811e+02   2.3974519e+02
   1.3451792e+02   1.1821865e+02   1.2585557e+02
   3.0995920e+02   1.3057499e+02   7.7781761e+00
   2.8076423e+02   1.0523395e+02   1.2276470e+02
   2.9496039e+02   4.4895944e+01   2.2824845e+02
   1.6207477e+02   8.5693926e+01   1.3838321e+02
   2.2895212e+02   6.2013719e+01   1.1224949e+02
   1.9995475e+02   1.2086962e+02   2.9584247e+02
   2.3094622e+02   3.1480898e+01   3.3584265e+01
   1.0656744e+02   1.2012343e+02   2.5381323e+02
   2.2383628e+02   6.0116276e+01   3.4893100e+02
   2.0531931e+02   1.3479151e+02   6.8416185e+01
   1.3455584e+02   2.2594098e+01   6.7814036e+01
   1.9883421e+02   1.7383914e+02   5.9263367e+01
   3.1219121e+02   1.2467151e+02   3.4929910e+01
  -2.0662429e+01   4.4200336e+01   3.3893123e+02
   1.5531292e+02   5.8520263e+01   3.2587541e+02
   2.1735291e+02   7.3444583e+01   2.3148907e+02
   5.6663938e+01   1.3824267e+02   1.8253132e+02
   1.3657335e+02   2.2463507e+01   2.3900134e+02
   2.0855640e+02   1.1461355e+02   2.9724563e+02
   5.0577186e+01   1.1017818e+02   2.1723952e+02
   1.6447247e+02   3.3504476e+01   1.8296578e+02
  -2.3818350e+01   1.2736390e+02   3.4366640e+01
   1.1272123e+02   1.5198436e+02   1.4366598e+02
   1.0684657e+02   1.2087856e+02   2.4742606e+02
   1.3168258e+02   1.3305628e+02   2.1491964e+02
   2.5051401e+01   6.2568489e+01   5.7580038e+01
  -4.1153276e+01   1.3544867e+02   1.2656083e+02
   1.7779402e+02   6.9864382e+01   1.8532134e+01
   2.4812637e+02   1.4057174e+02   1.3212421e+02
  -3.9244658e+01   2.3007311e+01   2.1052701e+02
   3.2166937e+01   1.3957308e+02   3.5811021e+02
   3.1063225e+02   9.0869131e+01   1.5664744e+02
   1.7622696e+02   1.3314787e+02   3.0160924e+02
   2.4924141e+02   1.0610349e+02   2.5055920e+02
   1.1096524e+02   5.5193968e+01   1.1112406e+02
   1.8254942e+02   9.3439756e+01   5.9311784e+00
   2.9984570e+02   5.7100613e+01   1.6141473e+01
   2.0057308e+02   1.5193817e+02   5.4914434e+01
  -3.2679173e+00   1.1351766e+02   3.2762825e+01
   2.4595806e+02   1.0987545e+02   3.2383399e+02
   5.5678370e+01   1.1809657e+02   1.6695468e+01
   3.0577459e+02   3.2838677e+01   3.1043331e+01
   2.7254798e+02   1.1234128e+02   1.5012903e+02
   1.9438894e+02   1.2054166e+02   1.0557716e+01
  -3.4443320e+01   2.6446229e+01   2.0680002e+02
   1.5097686e+02   1.5924690e+02   1.2254550e+02
   1.4542929e+02   3.5678615e+01   7.8948276e+01
   2.0660352e+02   6.5962868e+01   5.6320195e+01
   1.5274593e+02   1.1584174e+02   1.9666309e+02
   2.6933914e+02   1.0524842e+02   3.2543678e+02
   2.0151505e+02   6.9485050e+01   6.0948241e+01
   2.2538989e+01   7.1029533e+01   2.4591162e+02
   1.2443115e+02   1.3013018e+02   5.7823550e+01
   1.2280609e+02   3.1240135e+01   3.1980836e+02
   6.5569139e+01   1.1583351e+02   3.3312473e+02
   1.4725265e+02   4.6629772e+01   3.2305060e+02
   2.9032581e+02   2.4872055e+01   1.3379333e+02
   3.4450839e+01   6.5135470e+01   2.5835725e+02
   3.0648682e+02   1.4426659e+02   1.4440242e+02
   2.0378533e+02   6.7581269e+01   3.1928793e+02
   7.4233594e+01   6.8245447e+01   7.3789297e+01
  -2.8183743e+01   5.2662949e+01   4.1077705e+01
   1.7953532e+02   1.0008559e+02   8.5571710e+01
   6.3749079e+01   7.5094551e+01   3.0502369e+02
   1.4474186e+02   1.4093418e+02   3.1836983e+02
   1.2026935e+02   9.0935674e+01   3.3164750e+02
   8.4083625e+01   9.4410126e+01   2.8139359e+02
   7.5337039e+01   4.1051788e+01   8.7089684e+01
  -1.5049710e+01   7.1308144e+01   2.1009467e+02
   3.1043712e+02   3.7205533e+01   1.6117470e+02
   9.5544673e+01   1.1636387e+02   7.2668049e+01
   4.1163821e+01   7.1679241e+01   4.5744397e+01
   1.1015297e+02   5.1973004e+01   2.0827430e+02
   1.3005792e+02   7.3092353e+01   2.4756096e+02
   2.0703370e+02   3.7396899e+01   3.2786604e+02
   4.4173193e+00   4.0122080e+01   2.7033843e+02
   1.2374577e+02   1.2781608e+02   2.3855793e+02
   1.3336081e+02   1.4448764e+02   2.0279802e+02
   2.8592234e+01   1.0246926e+02   1.9911134e+02
   1.7368395e+02   1.1242662e+02   2.2443452e+01
   2.6768653e+02   1.2154635e+02   5.7756204e+01
   2.4134398e+02   1.0848898e+02   1.4094025e+02
   2.5252824e+02   1.0924785e+02   2.9624721e+02
   1.5333634e+02   3.8631233e+01   3.2416254e+02
   2.8981916e+02   9.8394968e+01   8.1043507e+01
   2.5334298e+02   5.2588882e+01   1.3922867e+02
   1.2958299e+02   3.2200511e+01   1.5072784e+02
   1.9251694e+02   4.2823791e+01   3.3688284e+02
   1.4851739e+02   1.5021115e+02   1.2927881e+02
   1.1930439e+02   9.0040076e+01   3.7999746e+01
   1.0564634e+02   8.0272289e+01   1.9126414e+02
  -3.2653346e+01   3.1841151e+01   2.2362900e+02
  -1.7523208e+01   6.3220009e+01   2.3876475e+02
   2.9827398e+02   1.4087335e+02   2.3548372e+02
   2.8866512e+02   1.3189489e+02   1.0092303e+02
   1.9916172e+02   6.5865891e+01   3.2840099e+02
  -2.9383180e+01   1.0455325e+02   7.1194548e+01
   1.2638164e+02   1.1876276e+02   1.4701929e+02
  -1.7559896e+01   1.4199096e+02   3.1263459e+02
   9.3869185e+01   4.8626731e+01   1.3053765e+02
   1.6635434e+02   7.3242583e+01   1.5296513e+02
   2.0172796e+02   5.7813513e+01   1.4500324e+02
   1.4726100e+02   1.4927693e+02   5.8284501e+01
   1.1499339e+02   1.3773030e+02   3.5261176e+02
   3.1434058e+02   1.1597248e+02   3.2166917e+02
   1.6787776e+02   5.1744980e+01   3.3367750e+02
   2.4476337e+02   9.8625862e+01   1.4586233e+02
   2.7989071e+02   8.3679515e+01   1.5857149e+02
  -3.9688021e+01   7.6235379e+01   2.4131161e+02
   2.3598537e+02   1.0039456e+02   7.5753626e+01
   1.3091986e+02   3.9632134e+01   1.1688193e+02
   1.2970420e+02   1.1889089e+02   1.6961264e+02
   6.1904822e+01   6.6021085e+01   2.1240356e+02
   9.7742864e+01   1.2249980e+02   2.2752162e+02
   3.0805767e+02   5.3688931e+01   3.4113774e+01
   9.3198777e+01   1.3426217e+02   2.8946449e+02
  -1.6882018e+01   1.2072336e+02   2.9048692e+02
   9.5479115e+01   9.9584830e+01   1.7968983e+01
  -3.4386473e+01   1.3489362e+02   1.1529741e+02
   1.0926120e+02   5.0546495e+01   1.0436279e+02
   2.5131244e+02   1.0364403e+02   1.7853535e+02
  -2.7845282e+01   3.6828674e+01   5.4258084e+01
   2.6979032e+02   1.4383605e+02   9.7099630e+01
   3.1440817e+02   1.3751308e+02   2.4630275e+02
   2.9177963e+02   1.1276993e+02   1.5496386e+02
  -1.3031527e+01   4.1541324e+01   4.1307808e+01
   2.5437812e+01   7.7302917e+01   2.6927842e+02
   2.6818881e+02   7.1796831e+01   1.4099089e+02
   1.3518354e+02   1.4733367e+02   6.1379340e+01
   6.5696983e+01   4.7000606e+01   2.0117774e+02
   3.0319613e+02   1.3934331e+02   1.3937368e+02
   1.5308307e+02   4.4752223e+01   3.2390499e+02
  -2.8969269e+00   6.5241343e+01   5.4102100e+01
   1.4095956e+02   1.5463424e+02   2.5852991e+01
  -6.7844274e+00   2.6993408e+01   3.0041587e+02
   1.0304512e+02   9.0020870e+01   2.6360842e+02
   1.1540188e+02   3.2726202e+01   2.2413375e+01
   1.5063608e+02   4.1394588e+01   3.1664318e+02
   2.2134623e+01   1.3413187e+02   1.2000801e+02
   2.0839432e+02   1.1710654e+02   3.2734979e+01
   3.1329220e+01   6.2010285e+01   4.7033412e+01
   2.6079576e+02   1.5445777e+02   2.7739958e+02
   2.4888247e+02   1.1268123e+02   2.2018383e+02
   3.1486075e+02   6.0175453e+01   9.7403232e+01
