   1.4711939e+02   1.4025884e+02   3.8542993e+01
   1.7833807e+02   9.7593813e+01   3.2769117e+01
   2.6921218e+02   3.7511297e+01   9.2811539e+01
  -5.7261260e+01   1.3951222e+02   4.4678495e+01
   2.8625361e+01   7.0707123e+01   1.4654080e+02
   1.5950269e+02   1.1018517e+02   2.4369295e+01
   2.9442489e+02   1.1035351e+02   3.9513698e+01
   2.2548593e+02   7.7482701e+01   2.1371790e+02
   2.9255203e+02   4.9384741e+01   1.9064024e+02
   1.6291007e+02   8.4236461e+01   7.6140709e+01
   2.8139447e+02   7.3168668e+01   9.3482724e+00
   6.8766518e+00   9.9955446e+01   2.7137733e+01
   3.9513933e+01   1.2651954e+02   4.7873092e+01
   7.4553872e+01   4.6349430e+01   3.5788318e+02
   2.1923535e+01   7.9047339e+01   2.6807069e+02
  -3.7313498e+01   6.4301316e+01   3.3009054e+02
   1.6364460e+02   3.1863010e+01   2.0019284e+01
   2.0942412e+02   7.8006103e+01   5.3270798e+01
   2.5730306e+02   6.5755630e+01   2.1441203e+02
   1.4454598e+02   1.0975671e+02   3.5360464e+02
   9.4396631e+01   1.3203763e+02   2.4799901e+02
   1.8519351e-01   5.9421078e+01   6.5763711e+01
   1.4162926e+02   1.2525264e+02   3.4249752e+02
  -5.7980981e+01   4.3106198e+01   3.0078521e+02
   2.7591963e+02   2.4996969e+01   2.2646964e+02
   4.1196907e+01   7.5441102e+01   1.6977880e+02
   2.5399168e+02   1.1828626e+02   3.5551282e+02
   1.3085042e+02   1.3640986e+02   2.0960871e+02
   1.0251586e+02   5.0730434e+01   1.2679464e+02
   1.3241993e+02   3.3731530e+01   1.6304676e+02
   2.4442918e+02   1.7955148e+01   3.0705160e+02
   4.5846560e+01   7.7438007e+01   3.0667541e+02
   9.8180390e+01   2.7073457e+01   7.9040702e+01
   1.2590484e+02   4.3470972e+01   2.4512575e+02
   1.7327234e+02   1.3263206e+02   1.1126771e+02
   2.0052067e+02   5.3907900e+01   3.4262499e+02
   3.6026490e+01   3.1911437e+01   4.0913525e+01
   2.8237399e+02   1.1375283e+02   2.1205868e+02
  -1.6083230e+01   9.3863779e+01   4.2218562e+01
   2.9438653e+02   1.3593468e+02   2.0085460e+02
  -5.6930119e+00   7.6871826e+01   2.5034926e-01
  -4.1211514e+01   1.3030220e+02   4.3217305e+01
   1.8044613e+02   1.0031282e+02   1.0913632e+02
   2.3698370e+02   1.0500234e+02   1.6987292e+02
   1.4234280e+02   1.1945440e+02   2.1629255e+02
  -3.6495152e+01   2.4610545e+01   3.2601025e+02
   2.7665467e+02   1.1835449e+02   2.3539526e+02
   2.9328611e+02   3.1307681e+01   3.5086579e+02
   2.1511447e+02   1.1852421e+02   1.3112733e+02
   6.1158212e+01   2.0207291e+01   1.3290527e+02
   1.6236669e+02   7.2157597e+01   4.3322804e+01
   8.6454672e+01   1.2127356e+02   2.3497468e+02
   4.1038630e+00   1.2939211e+02   1.5428142e+00
   2.9553270e+02   4.6065446e+01   1.1497289e+02
   2.1911722e+02   5.7124195e+01   2.5628840e+02
   2.6502510e+02   4.0334521e+01   3.1097761e+02
   2.0385706e+02   9.9767489e+01   3.4470495e+02
  -3.3479680e+01   1.2240958e+02   2.8800217e+02
   2.0506208e+02   1.3457631e+02   1.1602375e+02
  -3.8435767e+01   9.0651034e+01   2.8403416e+02
   2.1738220e+01   4.5782121e+01   2.4173492e+02
   1.0786061e+02   6.9171503e+01   3.9461162e+01
   2.6362485e+02   9.6208310e+01   2.6062652e+02
   1.3592663e+02   9.0334912e+01   3.1773676e+02
  -3.9430693e+01   1.3345177e+02   1.7752525e-01
  -3.7652626e+01   6.1588039e+01   1.4129008e+02
   2.9497004e+02   5.2667189e+01   1.1865286e+02
   1.9570114e+02   1.1116090e+02   2.1866148e+02
   4.0873228e+01   1.1273935e+02   2.4185904e+02
   2.2601736e+02   6.6688437e+01   3.6699692e+01
   2.1894568e+02   1.2620076e+02   1.3333825e+02
   1.2324764e+02   6.9221925e+01   3.2928811e+02
   1.6560916e+01   6.0460434e+01   5.6143078e+01
  -5.0729352e+01   1.3867563e+02   3.5963597e+02
   1.9571514e+02   1.1107744e+02   3.9286038e+01
   2.6963530e+02   7.5416047e+01   3.0907934e+02
   1.5659777e+02   1.0788595e+02   2.0616587e+02
   2.9118991e+02   7.8992177e+01   6.1377800e+01
   1.4963881e+02   6.8646085e+01   2.4062752e+02
   2.7252631e+01   5.6918151e+01   6.2142239e+01
   2.6436424e+02   8.0841686e+01   3.7105347e+01
   1.0141816e+02   6.8415790e+01   2.1821317e+02
  -3.7394186e+01   9.8360103e+01   1.4828045e+02
   2.7478263e+02   6.7365703e+01   1.8642304e+01
   2.2777829e+02   7.2103644e+01   3.0791040e+02
  -2.4266714e+01   1.1651224e+02   9.2081793e+01
   2.9187029e+02   3.0080241e+01   1.3479679e+02
   7.2659336e+01   1.7043839e+01   7.2606544e+01
   1.2487102e+02   2.1590958e+01   6.7568128e+01
   7.6825693e+01   6.2863756e+01   3.1815808e+02
  -5.9389223e+01   6.3284888e+01   2.2730896e+02
   9.7798709e+01   2.7205651e+01   2.3086208e+02
   1.9832766e+02   7.3146284e+01   2.2407351e+02
   2.6950338e+02   1.0351809e+02   2.3958602e+02
   5.1129648e+01   1.0756350e+02   8.2410584e+01
   9.6122159e+01   1.2454631e+02   1.4700534e+02
   8.8884789e+01   1.0516610e+02   3.2821879e+02
   2.6733363e+02   3.6609553e+01   7.3000847e+01
   1.0369850e+02   1.3590413e+02   2.1648163e+02
   6.4227347e+01   1.4592456e+02   2.3697673e+02
   1.7629926e+02   8.6800749e+01   6.3750409e+01
   9.6059817e-01   4.5324920e+01   2.2530554e+02
  -4.2981423e+01   1.0623430e+02   2.1155513e+02
   2.8913539e+02   4.6880200e+01   2.8061267e+01
   1.0276973e+02   6.1100801e+01   1.0546025e+02
   2.5264345e+02   6.7063746e+01   1.9388665e+02
   1.0419852e+02   1.4653709e+02   2.2914468e+02
   1.6361430e+02   1.2545251e+02   3.1552404e+02
   1.5540246e+02   1.1483601e+02   1.4104333e+02
   9.2860059e+01   4.9195571e+01   6.4153072e+01
   1.8375005e+02   1.2595721e+02   2.3240660e+02
  -5.3824518e+01   4.8941112e+01   6.7142824e+01
   4.3716669e+00   9.2809120e+01   3.1828396e+02
   2.5948403e+02   1.1358709e+02   9.0185845e+01
  -2.4235498e+00   1.0806286e+02   2.1103962e+02
   1.2077633e+02   5.4744915e+01   1.1256006e+02
   1.5093613e+02   1.3310269e+02   2.1539317e+02
   1.9983882e+02   1.1180677e+02   3.1168260e+02
   1.0090293e+02   5.8435538e+01   1.0524441e+02
  -2.4775603e+01   3.1140708e+01   1.7527431e+02
   1.5033387e+02   1.2501051e+02   1.1952519e+02
   2.1411801e+02   1.6001087e+02   3.0207106e+02
   2.6186741e+02   6.3891500e+01   1.8603199e+01
   2.9181811e+01   1.0433368e+02   2.6621013e+02
   1.5500397e+02   7.9859865e+01   1.9962578e+02
   1.4477785e+02   3.5406585e+01   3.3135811e+01
  -3.2417773e+01   1.0988337e+02   1.5461008e+02
   3.5957114e+01   4.3125866e+01   2.8070012e+02
   1.3894013e+02   6.6752275e+01   3.4569322e+02
   9.3710688e+01   1.4556700e+02   4.2530835e+01
   2.4467811e+02   4.4772442e+01   1.4280023e+02
   1.8626031e+02   8.4479692e+01   1.2860246e+02
   1.1547098e+02   1.5594754e+02   2.3741008e+02
   1.2649949e+02   4.1377359e+01   5.7935044e+01
   6.8442038e+01   8.6149072e+01   1.4190188e+02
   1.5985351e+02   5.5188881e+01   3.3082597e+02
   1.6800436e+01   4.9418003e+01   6.4251914e+01
   4.2919559e+01   1.3140075e+02   2.3158432e+02
  -5.4465588e+01   1.4942088e+02   7.3580194e+01
   2.1294915e+02   7.6289944e+01   2.8665661e+01
   2.2381803e+01   8.2383078e+01   1.9546211e+01
   2.1532154e+02   1.2416133e+02   8.8963647e+01
   2.8021615e+02   5.4221425e+01   2.9976986e+02
   1.9542798e+02   5.7080655e+01   1.4529583e+02
   8.2611678e+01   1.1069080e+02   3.2465280e+02
   1.5754791e+02   5.6220397e+01   3.1438650e+02
  -3.2330569e+01   1.2155740e+02   3.0009938e+02
   4.4448011e+01   6.4201193e+01   2.0722284e+02
   2.3615733e+02   1.5044858e+02   3.5367951e+02
   1.4244216e+01   6.7828354e+01   3.3773874e+02
  -4.8487342e+01   1.4432714e+02   2.1837110e+02
   1.2901005e+02   1.0461690e+02   1.7427924e+02
  -2.3013980e+01   1.1887794e+02   5.2109846e+01
   5.0396855e+01   6.8906415e+01   1.9678966e+02
   1.3873253e+02   5.2018821e+01   3.4107615e+02
  -4.2582285e+01   1.1860663e+02   1.8419997e+02
   2.7799702e+02   9.3154551e+01   3.5766994e+02
   1.3703212e+02   1.2999032e+02   1.2296415e+02
   1.6130474e+02   1.4412856e+02   2.7452480e+02
   2.9708305e+02   1.5089257e+02   3.4776856e+02
   1.1164003e+02   5.0731054e+01   3.3475700e+02
   2.9375672e+02   1.4966687e+02   8.5136603e+01
   1.4594399e+02   1.1387418e+02   3.5107977e+01
   4.7061189e+01   1.2498909e+02   4.6888761e+01
   2.2855894e+01   7.5800221e+01   5.7956771e+01
   2.3698912e+01   5.4890463e+01   1.4751876e+02
  -1.7873777e+01   9.5005721e+01   4.7222139e+01
   2.9178505e+02   1.2043367e+02   2.3261590e+02
  -1.3064495e+01   3.4879694e+01   2.7164402e+02
   9.8520909e+00   6.3763033e+01   1.4269419e+02
   2.0705668e+02   8.4183534e+01   1.2531713e+02
   2.7305602e+02   6.3287132e+01   3.0129305e+02
  -1.0207225e+01   9.8138412e+01   1.6192214e+02
   2.8524477e+02   4.3186826e+01   2.5936715e+01
  -3.9741397e+01   2.7547021e+01   9.6134516e+01
   1.3389990e+02   1.3653964e+02   3.0989021e+02
   7.3747529e+00   1.0164767e+02   7.1760773e+01
   2.1946065e+02   5.8693174e+01   3.1082305e+02
   1.4963461e+02   1.4021758e+02   2.1314809e+02
   2.3401682e+02   6.4473170e+01   1.8294229e+01
   8.2731261e+01   1.5085698e+02   2.6514648e+02
   6.0958380e+01   6.4381085e+01   7.3212286e+01
   2.3796918e+02   1.1185841e+02   6.7851811e+01
  -3.3757732e+01   4.1380691e+01   3.2781034e+02
   1.0513849e+02   6.3905857e+01   2.7653773e+02
   1.8935550e+01   1.1076209e+02   1.2900592e+02
   1.7842067e+02   1.1793141e+02   3.8254667e+01
   1.0435843e+02   3.2075004e+01   1.2265954e+02
  -2.2950443e+01   6.1161303e+01   8.6860852e+01
   8.3350830e+01   1.2895603e+02   3.3286935e+02
  -2.9161910e+01   6.9895272e+01   5.0505134e+01
   1.3683459e+00   6.7743947e+01   2.2094406e+02
   2.2708015e+02   8.6045920e+01   3.1081384e+02
   1.7090351e+02   1.1863111e+02   1.2447785e+02
   2.0036778e+02   6.8752952e+01   2.3291649e+02
   2.2752180e+02   1.1453082e+02   3.1999255e+02
   2.2356570e+02   1.6859675e+02   2.6014745e+02
  -2.6229529e+01   1.2139524e+02   1.0497451e+01
   7.4049487e+01   1.0744543e+02   4.2200321e+01
   9.1880488e+01   1.1521346e+02   7.6826047e+01
   1.4822313e+02   1.1056585e+02   1.0802595e+02
  -3.9875108e+01   5.3146659e+01   3.3651595e+02
   5.0374922e+01   3.7597007e+01   6.5083819e+01
   2.6973964e+02   6.4307594e+01   1.1312644e+02
   2.6314964e+02   6.0891036e+01   6.9791206e+01
   4.1501722e+01   6.8255150e+01   1.2223547e+02
  -2.1615924e+01   1.2632228e+02   3.0454996e+02
   5.6271082e+01   6.5615430e+01   3.1102360e+01
   2.0078164e+02   1.1433226e+02   1.2979744e+02
   8.6413229e+01   1.2914719e+02   1.4558174e+02
   7.0906861e+00   1.3238333e+02   8.1280839e+01
  -2.3541946e+01   5.7213750e+01   5.5022674e+01
  -4.1429674e+01   1.4804023e+02   2.4086055e+02
   2.6883607e+02   4.7836945e+01   1.2796153e+02
   1.4544576e+02   3.8230478e+01   1.3600298e+02
   1.6722727e+01   1.1670805e+02   2.6678586e+01
   1.4035311e+02   1.3460570e+02   2.2196877e+02
   2.7982704e+02   9.7240964e+01   3.4459662e+02
   9.1423214e+01   1.1717827e+02   1.5539945e+02
   1.5461192e+02   1.2172139e+02   2.8937312e+02
   1.2487591e+02   1.3498335e+02   2.8734811e+02
   9.3481406e+01   7.2920312e+01   1.1451616e+02
   2.6249790e+02   9.3345139e+01   3.5828676e+02
   6.8997574e+00   6.2794990e+01   7.6249585e+01
   1.7911430e+02   9.9942454e+01   1.2832419e+02
   2.8415076e+02   3.4011246e+01   2.1614382e+02
  -2.6339384e+01   1.0254469e+02   1.1844679e+02
  -3.9639888e+01   1.3346940e+02   2.7444306e+02
  -4.2850767e+01   1.3579217e+02   2.7243342e+02
   1.8577905e+02   3.5998626e+01   3.4605957e+02
   4.8346796e+01   1.2266547e+02   1.4327464e+02
   1.1118185e+02   1.0716739e+02   2.0516124e+02
   2.7372508e+02   1.3292786e+02   2.1906220e+02
   8.8090679e+01   4.1947819e+01   1.3143320e+02
   1.2690731e+02   1.3706846e+02   2.0375608e+02
   2.5320207e+02   5.2596464e+01   1.2367712e+02
  -3.1516588e+01   1.1813596e+02   1.2823141e+02
   1.6680380e+01   6.9227330e+01   5.6012701e+01
   1.9560006e+02   6.2075363e+01   2.1599566e+02
   2.7925202e+02   9.0897149e+01   1.8922645e+02
   1.6113385e+02   7.3113707e+01   2.3156935e+02
   1.1286165e+02   1.0132162e+02   1.7458795e+02
   2.1321205e+01   6.6763375e+01   3.1529386e+02
   1.2551569e+02   1.5103471e+02   1.0438048e+02
   9.6460028e+01   4.3514334e+01   2.3603411e+02
   1.2434612e+02   1.2966720e+02   1.3770716e+01
   6.8384002e+01   1.3251334e+02   2.2413500e+02
   1.4475085e+02   5.0535078e+01   1.4921626e+02
   1.6098813e+02   1.1498784e+02   3.1092103e+01
  -3.1695585e+01   5.1598677e+01   5.8387116e+01
   1.2881639e+02   3.1664591e+01   6.8372197e+01
   1.0885837e+02   4.9903834e+01   3.3434830e+02
   2.8507542e+02   6.8089617e+01   2.0987269e+02
  -2.4395827e+01   7.5011521e+01   1.3457789e+02
   2.4819541e+02   9.3536157e+01   5.5477488e+00
   4.9992286e+01   3.9115293e+01   1.0572311e+02
   2.8874666e+02   7.5692969e+01   1.1489013e+02
  -2.7439164e+01   1.1970470e+02   4.0135475e+01
   1.9931606e+02   1.5265138e+01   1.6293666e+01
   3.5668372e+01   1.0875313e+02   3.2187053e+02
   2.4766257e+02   1.5928136e+02   2.8610335e+02
   5.0768591e+01   4.9492650e+01   2.5609175e+02
  -3.5510055e+00   7.1419552e+01   1.9309006e+02
  -3.3161481e+01   1.2000879e+02   4.4329899e+01
   2.7204041e+01   6.0728311e+01   3.1794393e+02
   1.6139260e+01   1.2200933e+02   3.1191713e+02
  -4.1749343e+01   1.2190318e+02   2.0825804e+02
   1.7074933e+02   1.1802573e+02   1.0557643e+02
  -3.2241628e+01   9.5937389e+01   2.1124607e+02
   9.1554998e+01   4.4595220e+01   1.5020707e+02
   7.3764694e+01   1.1077559e+02   3.2790965e+02
   2.0931286e+02   8.1521458e+01   7.5941052e+01
  -3.2914236e+01   1.4834188e+02   2.3280581e+02
   1.3231664e+02   5.3428068e+01   1.4900940e+02
   1.0341092e+02   7.4602379e+01   1.8569544e+02
   2.2527368e+02   5.4591105e+01   3.0180056e+02
   1.8759607e+01   1.5174887e+02   2.3756783e+02
  -3.2854666e+01   3.6352283e+01   2.2905038e+02
   1.4944788e+02   6.0138414e+01   3.3867286e+02
   1.5058205e+02   1.0324932e+02   3.1543746e+02
   5.0343501e+01   1.0277887e+02   1.7322339e+02
   2.0335350e+02   9.9179719e+01   3.0699529e+02
   1.0557335e+02   7.0843815e+01   1.7335012e+02
   9.3155861e+01   6.4403451e+01   2.0315717e+01
   8.4793965e+01   1.2439611e+02   6.4018503e+01
   8.5815439e+01   7.4398716e+01   9.8026514e+01
  -5.1216330e+01   4.4677618e+01   4.6223500e+01
  -2.8582115e+01   1.3050746e+02   2.2420575e+02
   6.8490726e+01   6.0555787e+01   1.3901794e+02
  -4.6184854e+01   1.4732866e+02   2.5822620e+02
   3.0606697e+01   3.9591617e+01   2.6323046e+02
   1.4953838e+02   1.3052381e+02   2.2878376e+01
   2.7451343e+02   1.3023214e+02   5.8438131e+01
   1.4921210e+02   7.7113818e+01   3.4900894e+02
   2.3099788e+02   7.6661865e+01   1.3522413e+02
  -4.1843871e+01   4.1033714e+01   8.5896037e+01
  -6.4513010e+00   5.7742412e+01   8.7373709e+01
   1.5904476e+02   6.4006574e+01   2.4119673e+02
   1.1690761e+02   5.9987960e+01   6.8181836e+00
   2.6101007e+02   1.4024233e+02   3.5375514e+02
   1.5775611e+01   1.2497073e+02   2.7450380e+01
   5.2687360e+01   1.2628633e+02   2.8894303e+02
   4.1817420e+01   1.4012810e+02   2.0285470e+02
   2.3250074e+02   1.1623538e+02   3.3218266e+02
  -3.6703641e+01   4.6927786e+01   1.3997845e+02
  -5.7478935e+01   4.5947779e+01   2.0339767e+02
  -3.8214563e+01   1.0370084e+02   2.3491023e+02
   1.3510446e+02   1.3757491e+02   4.2839806e+01
   1.4847119e+02   9.5273408e+01   3.5773494e+02
   2.4130668e+02   1.4845452e+02   2.5695570e+02
   6.5061635e+01   1.6174468e+02   3.6852114e+01
   6.5434400e+01   2.2745841e+01   1.6102399e+02
  -1.5326859e+01   4.7960365e+01   1.1570186e+02
  -4.5050307e+01   1.3309507e+02   2.4940612e+02
   1.4383130e+02   1.4891748e+02   2.1961539e+02
   8.0874615e+01   2.9855362e+01   1.1986413e+02
   1.0009232e+02   6.0533509e+01   2.0089820e+01
   2.5187034e+02   1.2176724e+02   3.3182959e+02
   3.7522906e+01   5.6619584e+01   4.7446330e+01
   1.9772103e+02   1.0071128e+02   3.2705119e+01
  -5.0906601e+01   1.4809137e+02   2.2769676e+02
   1.6961664e+00   6.9811426e+01   3.3558676e+02
   1.0650318e+02   4.2227422e+01   3.1221413e+02
  -3.9405726e+01   5.0149112e+01   6.2270889e+01
   2.3913392e+02   1.4623716e+02   1.5333127e+02
  -5.5380893e+01   1.5112375e+02   1.0817627e+02
   1.0800827e+02   6.7024480e+01   3.2005033e+02
   2.3938446e+02   1.7479854e+02   6.2545669e+00
   2.6409567e+02   1.3333678e+02   5.3299844e+01
   1.2253915e+02   1.1680140e+02   3.4529845e+02
   2.4194263e+02   1.1168736e+02   2.5720900e+02
   1.4435644e+02   6.4654733e+01   1.1032802e+02
  -2.3480500e+01   5.4095699e+01   2.3560132e+02
  -5.6368188e+01   1.3325707e+02   2.9307168e+02
   8.6028788e+01   6.4336989e+01   2.9361553e+01
   2.1862601e+02   8.1745337e+01   2.9811462e+02
   5.2579552e+01   8.8258724e+01   2.9084107e+02
  -2.1266714e+01   8.1102928e+01   3.2733182e+02
   1.8868619e+02   1.1784929e+02   1.9697627e+01
   1.2902060e+02   1.1905151e+02   2.1187492e+02
   1.9004967e+02   1.7193705e+02   2.3141267e+02
   2.0703045e+02   1.0718936e+02   2.2632679e+02
   8.2895020e+01   8.4866916e+01   4.2649589e+01
   1.4670639e+02   1.2630416e+02   2.9497717e+02
   6.4770864e+01   1.4467366e+02   3.3083005e+02
   1.5365369e+02   4.7239126e+01   1.3023201e+02
  -4.0430773e+01   1.1708760e+02   2.2463319e+02
   7.4951905e+01   7.9545419e+01   9.2730566e+01
   7.2068190e+01   1.7219895e+02   3.4246928e+02
   4.2302231e+01   1.5980091e+02   1.6634074e+01
   1.4872533e+02   3.0340232e+01   2.1969809e+02
   2.6917992e+02   1.0427556e+02   7.5337710e+00
   1.1661412e+02   3.5406366e+01   3.2338781e+01
   1.9317608e+02   6.3615802e+01   1.2415553e+02
   1.7765268e+02   1.3198757e+02   3.1698046e+01
   2.8467177e+02   1.3184624e+02   1.2990281e+02
   2.7591174e+02   1.1569166e+02   1.6055964e+02
   9.3192147e+01   1.1280216e+02   1.8642343e+02
   1.6923009e+02   5.0075297e+01   1.0389726e+02
   2.0680663e+02   5.4529205e+01   3.2510749e+02
   1.6503611e+02   1.1739040e+02   3.1631896e+02
   1.5604398e+02   1.1267980e+02   1.4478447e+02
   2.9298306e+02   8.0325896e+01   2.0207640e+02
   2.1515914e+02   8.5581724e+01   2.1533610e+02
   2.1782183e+02   1.1183100e+02   3.3905268e+02
   1.2659796e+02   1.3006396e+02   3.1038651e+02
   1.9880412e+02   5.4455051e+01   2.7018308e+01
   2.5703834e+02   1.0474764e+02   1.4093640e+02
   1.9767362e+02   7.3725223e+01   4.9844149e+01
  -2.8718904e+01   1.0420719e+02   2.9048385e+02
  -5.6165892e+01   5.9733779e+01   1.2779465e+02
   1.4575273e+02   7.2232316e+01   8.8124037e+01
   2.8977722e+02   8.4037464e+01   3.8890192e+01
   1.9772723e+01   1.0981177e+02   1.1191947e+02
   1.5091102e+02   1.4163964e+02   1.3607918e+02
   2.7016887e+02   1.1526313e+02   2.3714719e+02
   1.3210674e+02   4.5425219e+01   4.0424112e+01
  -3.7421951e+01   9.8598107e+01   9.6193637e+01
   1.4329023e+02   8.1442536e+01   9.5901255e+01
   1.5244825e+02   1.3278277e+02   3.0150256e+02
   2.2125562e+01   5.7553768e+01   3.3698926e+02
   9.8608259e+01   8.5467249e+01   6.7023694e+01
  -3.7175483e+01   1.1808123e+02   2.0472194e+02
  -2.4393957e+01   1.4409792e+01   1.8267663e+02
  -1.4238333e+01   1.4207628e+02   5.3133917e+01
   1.1340001e+02   3.8558953e+01   2.0947419e+02
   2.2858633e+02   1.1345261e+02   3.3145201e+02
   5.3423440e+00   7.2494358e+01   6.1608289e+01
   2.7286551e+02   1.1550849e+02   6.1499202e+01
   4.8860759e+01   7.0137760e+01   2.9826594e+02
   1.4080127e+02   1.0765524e+02   2.1729496e+01
  -3.1450085e+01   1.1900869e+02   2.0659495e+02
   1.6373265e+01   1.0682044e+02   3.6965806e+01
   3.1757912e+01   1.0390380e+02   3.3460606e+02
   1.1997425e+02   9.3128078e+01   4.9230509e+01
   2.5721266e+02   1.2535801e+02   6.4146377e+01
   1.2827842e+02   1.2370125e+02   3.1376492e+02
  -5.2942200e+01   1.1100903e+02   4.4478377e+00
   2.5572490e+02   1.2311342e+02   2.5993300e+02
   1.9115644e+02   6.4791554e+01   2.3047966e+02
   3.4318643e+01   1.2592038e+02   3.2229741e+02
   1.0563714e+02   1.6303524e+02   3.1629071e+02
   7.1704927e+01   6.6350171e+01   1.3099444e+02
   1.0193050e+02   5.7541429e+01   2.2452873e+01
   9.6407602e+00   1.1253101e+02   2.0206171e+02
   2.9277797e+02   1.6570870e+02   1.3948081e+02
   8.5186916e+01   1.1463590e+02   5.2097665e+01
   1.4501097e+02   5.5410025e+01   8.8714960e+01
   2.5474954e+02   1.6430298e+02   4.0220479e+01
   2.6948790e+01   3.6345846e+01   3.0484121e+02
  -1.7678618e+01   1.2735780e+02   2.3747724e+02
   2.7939832e+01   7.9153073e+01   3.1815016e+02
   1.0770020e+02   4.7367581e+01   4.9309401e+01
   2.7519733e+02   5.7583562e+01   3.0238257e+02
  -5.4943529e+00   7.7404332e+01   2.8067839e+02
   1.0179057e+02   5.1501105e+01   3.1153261e+02
   8.6600254e+01   1.3637866e+02   1.4666604e+02
  -3.8582196e+01   8.7378249e+01   1.2908257e+02
   1.2074142e+01   6.5577586e+01   6.6288748e+01
   1.8074679e+02   1.2198674e+02   2.0457107e+02
   7.2634522e+01   5.2100581e+01   3.1343972e+02
   1.0823111e+02   2.7552977e+01   3.0534900e+02
   1.4700655e+02   4.7323338e+01   1.5679643e+02
   2.1981354e+02   1.1192750e+02   4.6238920e+01
   2.5256708e+02   1.0707406e+02   3.6646406e+00
  -1.5449107e+01   5.9410557e+01   4.1330460e+01
   2.1751467e+02   5.8815958e+01   3.0929323e+01
   2.9666438e+02   1.4078368e+02   2.3233802e+02
   1.4156629e+02   1.4896173e+02   1.3951091e+02
   2.7547347e+02   8.9361058e+01   1.1860819e+02
  -3.0928921e+01   5.7889839e+01   1.0829886e+02
   1.3491253e+02   4.6812311e+01   4.2467390e+01
   4.0006264e+01   4.8123122e+01   1.1995461e+02
  -3.4839078e+01   1.0595821e+02   1.8236562e+02
   2.9182981e+02   3.1784511e+01   1.3917791e+02
   2.1040849e+02   1.0509236e+02   1.2959108e+02
   1.0342988e+02   1.3125558e+02   3.3924633e+02
   1.2781262e+02   3.6659447e+01   3.3742670e+02
   2.7324087e+02   1.3100208e+02   3.3504776e+02
   2.2357167e+02   8.4063294e+01   5.7434842e+01
   2.6355549e+02   1.1935365e+02   1.5504788e+02
   5.1511545e+01   8.7589996e+01   2.8069558e+02
   5.0406793e+01   7.6448938e+01   2.1119222e+02
   2.7337922e+02   1.3233332e+02   6.1637576e+01
  -1.7334273e+01   1.2993744e+02   6.3886419e+01
   1.1475411e+02   7.7417420e+01   2.8990566e+02
   8.9499975e+01   6.2875834e+01   2.0245817e+02
   2.2104438e+02   1.1386468e+02   3.2711704e+02
   2.7156170e+02   1.1887367e+02   1.6566640e+02
   2.2087510e+02   7.5445222e+01   2.0135450e+02
   2.6970277e+02   4.1246245e+01   1.6922692e+02
   2.8094465e+02   1.2429514e+02   1.7431373e+02
   8.9176961e+01   2.5673113e+01   2.3647737e+02
  -2.5952404e+00   9.3058547e+01   1.2946019e+02
   1.1500587e+02   4.2356430e+01   4.0851518e+01
   2.3343096e+02   1.2155472e+02   1.4812484e+02
   1.3298850e+01   5.9706640e+01   1.3383879e+02
  -5.9677673e+00   1.2963566e+02   1.3783411e+02
   2.8477072e+02   1.6320178e+02   9.2270423e+01
   2.0952528e+02   1.3785569e+02   3.4993365e+02
   1.4322713e+01   4.3936895e+01   2.3780323e+02
   1.7965247e+02   5.3600018e+01   1.8190316e+02
   1.9042846e+01   1.2866865e+02   7.1287463e+01
   2.1899055e+02   6.3488123e+01   3.0702629e+02
   1.0174808e+02   1.3111481e+02   3.7578300e+01
  -1.3462586e+01   1.2670293e+02   1.2385778e+02
   2.7853481e+02   6.9443137e+01   3.1982880e+02
   1.4949830e+02   1.0154930e+02   1.3066559e+02
   1.8716204e+02   7.1728857e+01   2.5273299e+02
  -6.8183680e+00   2.9418674e+01   1.6333690e+02
  -2.0125291e+01   6.3934867e+01   2.4125624e+02
   1.6663109e+02   9.2724281e+01   2.3325711e+01
   6.3489816e+00   1.0127559e+02   3.0627437e+02
   3.9731943e+01   5.0489129e+01   1.3128301e+02
  -3.0158678e+01   1.2831271e+02   1.0059587e+02
   1.7013977e+01   1.0901820e+02   3.2829106e+02
   1.4032452e+02   4.7328108e+01   3.2507333e+02
   1.6454328e+02   3.8920767e+01   3.3659494e+02
   3.8841614e+00   1.1909741e+02   2.9531523e+02
   2.3764692e+01   1.0168343e+02   2.9709276e+02
   1.2951699e+02   9.6778916e+01   2.1517263e+01
   2.1145343e+02   6.9558290e+01   1.2935954e+02
   1.0365196e+02   1.2764921e+02   5.3517424e+01
   1.8001354e+02   1.3638842e+02   2.2174788e+02
   1.0523972e+02   1.6120966e+01   2.0301956e+02
   1.7565104e+01   9.6932496e+01   2.4057713e+02
   1.9299237e+01   5.2577788e+01   1.2075947e+02
   2.6043186e+02   5.0555532e+01   1.3605940e+01
   4.7172027e+01   8.8668329e+01   2.8743769e+01
  -3.8954895e+01   1.3973786e+02   2.9701804e+02
   4.8559048e+01   1.2247587e+02   1.0288268e+02
   1.9389736e+02   5.8326557e+01   1.4765892e+02
   1.3784337e+02   1.1431897e+02   2.0080616e+02
   1.5382024e+02   4.7004243e+01   2.1688139e+02
   3.0021815e+01   7.3589531e+01   3.3524966e+02
   2.9191859e+02   4.4477046e+01   1.3221680e+02
   2.1185431e+02   7.2836412e+01   1.3497180e+02
   1.7057892e+02   1.1713658e+02   2.9569382e+02
  -3.8495295e+01   5.9987788e+01   2.4083364e+02
   1.4619972e+02   1.4626195e+02   4.4433866e+01
