  -4.6632712e+01   6.1924074e+01   3.4128535e+02
   7.6562511e+01   4.8714031e+01   2.3036346e+02
  -5.8609388e+01   1.2630452e+02   5.6733959e+01
   2.5807715e+02   9.1429377e+01   1.0428693e+02
   1.9548459e+02   8.5935947e+01   7.1467923e+01
   2.6259026e+02   1.3074595e+02   4.6710493e+01
  -5.3256507e+01   1.2751689e+02   3.3545247e+02
   1.8496825e+02   3.4067979e+01   1.9466442e+02
   2.3458465e+02   1.2477307e+02   1.7469190e+00
   2.8079521e+01   1.1575052e+02   3.4292287e+02
   2.7221049e+02   2.5564933e+01   7.8286854e+01
  -2.1240883e+01   6.8510134e+01   2.3221184e+02
   1.3999323e+02   7.6360025e+01   2.8304080e+02
   8.6798307e+01   6.7668333e+01   1.1161380e+02
  -4.4601642e+01   6.1874977e+01   3.3322657e+02
  -1.1568524e+01   1.4900080e+02   1.6021197e+02
   1.4838501e+01   9.3242767e+01   5.0443704e+01
   6.0176505e+01   1.4532493e+02   1.9472203e+01
   2.4644785e+02   5.7967544e+01   2.3918965e+01
   9.2460731e+01   8.4406864e+01   1.4409292e+02
  -2.3420595e+01   1.2308535e+02   2.0633600e+02
   1.3197553e+02   4.5805855e+01   2.4917074e+02
   7.3081097e+01   5.6226708e+01   3.0124634e+02
   2.4197603e+02   1.2224996e+02   5.8697928e+01
   2.6109914e+02   1.3480043e+02   2.4014894e+02
   7.0785911e+01   5.4019013e+01   2.1756063e+02
   5.9597475e+00   1.4007164e+02   7.3192707e+01
   1.5034196e+01   5.9178622e+01   1.2845965e+02
   2.8020787e+02   2.6193129e+01   2.9368765e+02
   7.4951961e+01   6.7943669e+01   1.1217613e+02
   1.2046643e+02   1.0704626e+02   1.2383266e+02
   2.6613689e+02   1.4320273e+02   8.9686814e+01
   2.5106266e+02   6.7307975e+01   2.0208896e+02
   1.9497345e+02   7.5706505e+01   4.4805983e+01
   1.6020264e+02   1.0378777e+02   1.2445250e+02
   2.5923598e+02   5.1611664e+01   2.1774669e+02
   2.5878477e+02   1.2871382e+02   5.7745443e+01
   1.1996359e+02   5.6275298e+01   5.8804297e+01
  -5.3015626e+01   1.3482752e+02   3.0781599e+02
  -3.6985495e+01   1.1499728e+02   2.0126654e+02
  -6.2725050e+01   1.7062348e+01   3.5509691e+02
   6.4988014e+01   7.6807575e+01   2.2462227e+02
   2.3961099e+02   8.1266138e+01   2.1465521e+02
   1.9216117e+02   6.5825522e+01   2.2958054e+02
   9.3586849e+00   7.6587854e+01   3.2298643e+02
   6.4792322e+01   9.5772281e+01   2.0782511e+02
  -4.0106279e+01   6.0916097e+01   3.3035782e+02
   1.9388649e+02   9.6226079e+01   1.4509225e+02
   1.9179817e+02   1.0066786e+02   1.9636064e+02
   2.5964899e+01   5.6966454e+01   2.2706141e+02
   7.7200611e+00   3.7139064e+01   2.7987310e+02
   2.5756873e+02   9.9631855e+01   1.6934526e+02
  -1.3109728e+01   6.9284090e+01   2.4891650e+02
  -5.0816697e+01   1.2923001e+02   2.0206087e+02
  -5.6593721e+01   1.3414120e+02   3.1325156e+02
   1.3469341e+01   1.0345216e+02   2.3922388e+02
  -3.9264180e+01   1.2522855e+02   2.0792566e+02
   1.1854023e+02   4.8418268e+01   1.4442711e+02
  -1.3065404e+01   6.8880665e+01   3.1819482e+01
   2.2389098e+02   1.5813874e+02   3.3620556e+02
   2.3996885e+01   7.3589621e+01   2.9647630e+02
  -3.9578103e+01   1.1761573e+02   1.7775350e+01
   8.4947479e+01   1.4479928e+02   2.1942979e+02
   7.2904023e+01   1.3008007e+02   1.5695452e+01
   2.0232126e+02   1.4430971e+02   2.3353068e+02
  -2.9624852e+01   1.1880981e+02   2.0916475e+02
   4.7407878e+01   1.3855640e+02   2.6388822e+02
   1.3556427e+02   6.1173543e+01   2.5069808e+02
  -5.9551015e+01   1.3705094e+02   1.6172276e+02
   2.4327522e+02   6.5691970e+01   2.9884450e+02
   2.4588069e+02   1.2853130e+02   3.3560572e+01
   3.3594363e+01   7.4994655e+01   3.0469470e+02
  -3.9482664e+01   5.2715759e+01   1.4179708e+02
   2.3295351e+02   9.3963356e+01   2.8279698e+02
   2.3407271e+02   9.5217880e+01   3.2659507e+02
  -2.7514896e+01   1.3102993e+02   3.3293669e+02
   1.7065182e+02   8.7586705e+01   2.0313012e+02
   5.7001295e+01   2.0418556e+01   2.5540837e+02
   2.4845669e+02   6.7582534e+01   2.2193764e+01
   1.4559757e+02   3.0092011e+01   3.0583967e+02
  -2.1151370e+01   6.9477061e+01   1.6352901e+02
   7.2732465e+01   4.2457400e+01   2.8567281e+02
   2.5860261e+01   5.3205519e+01   3.0100605e+02
   1.3278385e+02   3.2639916e+01   1.2396329e+02
   1.2298117e+02   5.9077787e+01   1.0216037e+02
   1.2364896e+02   1.4427542e+01   3.5715666e+02
   2.0327934e+02   1.2407793e+02   3.5495254e+02
   1.9167003e+02   1.3084409e+02   1.9302464e+02
  -5.0582017e+01   1.2016403e+02   1.2288848e+02
   2.5176313e+02   3.2279181e+01   3.2198345e+02
   2.1492072e+02   1.2194087e+02   2.2759317e+02
   2.1657764e+02   7.0267579e+01   1.8478930e+01
   2.4556635e+02   4.1407190e+01   5.0576827e+01
   2.4775488e+00   1.0751733e+02   1.2666594e+02
   9.1937500e+01   3.7072389e+01   8.4798458e+01
   6.9289137e+01   1.0421760e+02   1.7226227e+02
   2.6945018e+01   5.4056320e+01   1.2324617e+02
   2.6480439e+02   1.3651902e+02   3.2672421e+02
  -4.0578677e+01   1.3568358e+02   2.3894803e+02
   1.2614912e+02   1.7055947e+02   1.5687155e+02
  -3.3916035e+01   1.1141499e+02   2.9052556e+02
   3.9262314e+01   5.1985604e+01   3.0743589e+02
   2.6511743e+02   4.9487715e+01   1.4257270e+02
   1.4780471e+02   3.3910265e+01   1.6869783e+02
  -7.2674236e+01   3.5069150e+01   2.1358969e+02
   9.2178906e+01   1.0758465e+02   1.6199970e+02
   2.4145135e+02   9.4975226e+01   1.1663431e+02
   1.8876667e+02   7.3068435e+01   3.1349499e+02
   1.3711756e+02   6.9695559e+01   3.1798628e+02
   1.2090130e+02   1.3190870e+02   2.1618702e+02
   2.1995891e+02   1.1652796e+02   5.5906563e+01
  -3.8768031e+01   1.7858936e+01   1.2348377e+02
  -6.7123819e+01   7.6896116e+01   3.4341151e+02
  -4.4653089e+01   3.1185015e+01   1.1150218e+02
   8.8854998e+01   3.1091487e+01   3.3534498e+02
   7.5853196e+01   6.0215468e+01   1.9650773e+02
  -7.2052915e+00   5.4764030e+00   5.8283232e+01
  -4.7952108e+01   1.2525507e+02   1.2630663e+02
  -4.7954715e+01   1.1760755e+02   3.4305818e+02
   4.3464016e+01   2.6837786e+01   3.1626680e+02
   8.9622978e+01   5.8922710e+01   1.2220242e+02
   1.8614592e+02   1.1402426e+02   2.2108199e+02
   6.8233125e+00   1.4087260e+02   1.8258140e+02
   4.6381570e+01   4.2274658e+01   6.5679958e+00
   1.2388105e+02   1.4135017e+02   2.8013572e+02
   2.7359208e+02   3.7193652e+01   1.2940461e+02
   2.6735594e+02   1.4690573e+02   2.9224413e+02
   6.8026861e+00   7.4312745e+01   3.0547771e+02
   6.9052440e+01   7.8346787e+01   1.5590234e+02
   2.6917911e+02   1.4977298e+02   3.3411897e+02
   1.2471615e+02   6.5466806e+01   1.6256721e+02
   7.4463676e+01   1.1533858e+02   2.4232553e+02
   2.8167772e+02   9.3621013e+01   2.1808148e+02
   9.1326661e+01   8.8406400e+01   1.3592880e+02
   2.0243099e+02   1.0272671e+02   1.3759480e+02
   2.7943096e+02   8.4862500e+01   2.5970760e+02
   1.0443852e+02   6.7635679e+01   1.1382234e+02
   2.0477474e+02   5.3723134e+01   2.1860989e+02
   2.8068141e+02   8.2758087e+01   3.4176653e+02
   1.7876548e+02   5.8439334e+01   6.3060470e+01
   2.9264742e+01   7.2364105e+01   1.1659736e+02
   1.1871578e+02   1.2631717e+02   3.0590851e+02
   2.4936885e+02   3.6836568e+01   6.0214914e+01
   2.6586742e+02   6.6974751e+01   1.0565841e+02
   2.7310188e+02   2.9748530e+01   3.0161193e+02
   1.8100520e+02   1.2178705e+02   3.0063516e+02
   2.6842235e+02   1.1935278e+02   1.6143513e+02
  -2.7157262e+01   1.0445658e+02   2.7921525e+02
   4.7113151e+01   7.4828345e+01   1.0782597e+02
   2.7967592e+02   1.3581741e+02   1.5421156e+02
   5.3149354e+01   1.0782932e+02   5.6845433e+01
   1.8744299e+02   8.8262352e+01   3.1417165e+02
   2.7193095e+02   6.0638624e+01   2.2013771e+02
   7.4631796e+01   1.3793594e+02   1.3502981e+02
   2.5789972e+02   4.8729083e+01   2.8743105e+02
  -4.9695007e+01   4.7243665e+01   2.9404348e+02
   6.1582403e+01   1.1067380e+02   3.5964466e+02
   1.2845725e+02   1.3309572e+02   1.6231959e+01
   1.9737304e+02   4.4409586e+01   8.5248960e+01
   1.8911960e+02   1.1141397e+02   1.5512611e+02
   6.2248162e+01   1.1743420e+02   3.0500640e+02
   2.5067631e+02   4.3845315e+01   1.3911669e+02
  -5.5125632e+00   5.2955151e+01   4.4210487e+01
   1.7022767e+02   8.4411564e+01   2.2504696e+02
  -4.4202532e+01   1.1287648e+02   1.0500321e+01
   3.0371319e+01   6.6824827e+01   2.0579147e+02
   3.5500390e+01   6.8972272e+01   2.2220745e+02
   2.4552531e+02   1.1836329e+02   3.2949427e+02
   3.5700107e+01   1.0333300e+02   7.3126786e+01
   1.7943250e+01   3.7088380e+01   6.5637956e+01
   2.0441915e+02   6.6173802e+01   3.0305384e+02
   7.3916567e+01   1.3843655e+02   2.1267967e+02
   3.0416254e+01   5.4861127e+01   3.1736092e+01
  -7.3819437e+01   4.4515457e+01   2.9244612e+02
   1.2555187e+02   1.2395148e+02   2.9057128e+02
  -5.0167103e+01   1.2406982e+02   1.2992825e+02
   1.4124922e+02   1.3150099e+02   3.1614330e+02
   1.3965753e+02   6.3098626e+01   3.2250803e+02
  -4.8827741e+01   4.9479164e+01   1.6278493e+02
   1.2150108e+02   4.9500260e+01   9.4018013e+01
  -3.6522440e+01   4.4907851e+01   2.3303523e+02
   4.9202546e+01   9.5293303e+01   3.5489101e+02
   1.5741169e+02   1.3805713e+02   1.5885247e+02
   2.6058677e+02   1.4667864e+02   8.1093866e+01
   1.3657498e+02   1.3066723e+02   6.6498674e+01
   2.5465540e+01   6.5443815e+01   2.3752308e+02
   1.5071261e+02   1.4843724e+02   2.4110807e+02
   1.8817084e+01   6.2940882e+01   2.5136652e+02
   2.4898051e+02   9.1492951e+01   3.1507037e+02
  -6.8791355e+01   8.9206455e+01   2.7682719e+02
   7.0516094e+00   3.2871884e+01   9.4116497e+01
   1.8306895e+02   1.2468515e+02   3.5485411e+02
   2.6618801e+02   4.6420971e+01   3.1514046e+02
   2.0760468e+02   7.7236693e+01   4.2058468e+01
  -6.0873400e+01   1.3139557e+02   4.7419794e+01
  -3.9133973e+01   1.3674382e+02   1.5906237e+01
   1.8312631e+02   9.6673399e+01   1.2389268e+02
   1.1248999e+01   1.2376809e+02   2.4234656e+02
   7.3622007e+01   1.2186105e+02   2.0424300e+01
   2.9198352e+01   1.1669270e+02   1.9645468e+01
   1.9268446e+02   1.1261666e+02   5.6276311e+01
   8.5349939e+01   1.2722034e+02   2.5326120e+02
  -2.0417427e+01   1.3636599e+02   2.0335150e+02
   3.6528591e+01   1.3033380e+02   2.3434071e+02
   1.5303815e+02   1.0479497e+02   8.5330008e+01
   5.4101964e+01   5.0068882e+01   2.1638591e+02
  -6.6866736e+01   1.3230190e+01   2.2568989e+02
   1.4538873e+02   5.9870008e+01   6.3788331e+01
   9.1930420e+01   1.3360306e+02   1.5749577e+02
   1.4969753e+02   4.4134910e+01   1.9081381e+02
  -2.9320241e+00   6.2096587e+01   1.8514217e+02
   8.8239570e+01   1.2693028e+02   2.3442929e+02
   6.7940306e+01   7.9656495e+01   2.5258595e+02
   3.4922100e+01   6.5736367e+01   1.3636280e+02
   2.6764793e+02   1.4047367e+02   2.4964870e+02
   1.6237836e+02   1.2630584e+02   2.0736905e+02
   1.4807210e+02   1.4395151e+02   1.5754519e+02
  -7.0057407e+01   3.8368696e+01   3.3054700e+02
   1.9033356e+02   1.1195419e+02   2.2147098e+02
   1.8251803e+02   1.0796964e+02   1.8409414e+02
   9.2699004e+01   1.2148866e+02   1.3452864e+02
   9.1151948e+00   1.1044078e+02   2.1577485e+02
   1.8710523e+02   1.1628534e+02   5.2512655e+01
  -5.0432169e+01   4.3550340e+01   2.2616199e+02
   1.1962971e+02   3.6943000e+01   3.1673872e+02
   2.7968255e+02   1.4062397e+02   1.1804574e+02
   2.1240872e+02   1.2100685e+02   2.2105191e+02
   4.5615687e+00   1.6418613e+02   1.1062329e+02
  -5.9235828e+01   1.3630624e+02   3.2264828e+02
   8.7790553e+01   1.3049102e+02   3.5387081e+02
   2.8018795e+02   1.4464631e+02   1.1681349e+02
   9.5104419e+01   1.2880811e+02   4.5982897e+01
   6.2658944e+01   5.0763513e+01   3.3442907e+01
  -3.8384418e+01   1.2121585e+02   2.1575437e+02
   2.5144348e+02   6.4795521e+01   2.3865172e+02
  -5.8521893e+01   1.2331752e+02   3.8987747e+01
  -3.0404612e+01   5.6652869e+01   1.0287074e+01
  -6.1801107e+01   1.3265899e+02   3.6947968e+01
  -7.3503898e+01   1.5297126e+02   2.8502053e+02
   1.2492436e+02   1.3443605e+02   2.0617593e+01
   8.2226334e+01   6.9145208e+01   1.9412699e+02
  -5.8779366e+01   1.1411072e+02   1.3843614e+02
   1.7325737e+02   5.3370094e+01   2.5938688e+01
   3.2323539e+01   8.9012749e+01   1.0509064e+02
   3.0327872e+01   5.5495469e+01   3.0173878e+02
   2.8376172e+02   1.3983530e+02   7.6737445e+01
  -8.7334632e-01   6.9932087e+01   3.3985803e+02
  -8.7846479e+00   4.1206520e+01   2.5991906e+02
   1.2485283e+02   1.2609455e+02   2.5380901e+02
   1.3786745e+02   1.1458863e+02   2.5744317e+02
   1.0465325e+02   1.1472812e+02   1.3004015e+02
   9.1521489e+01   4.1332631e+01   1.9672919e+02
  -2.0003119e+01   1.3268958e+02   1.2881952e+02
   1.8081178e+01   6.3537022e+01   3.3874431e+02
   1.5884636e+02   5.7548514e+01   2.3465600e+02
   1.8505696e+02   5.2328667e+01   1.6012495e+02
   2.8368507e+02   6.1074981e+01   3.9894818e+01
   1.2491171e+02   5.4255568e+01   3.1144384e+02
   1.3680286e+02   7.1762147e+01   3.2470601e+02
   1.5672437e+02   6.6693929e+01   1.2799796e+01
   1.3302539e+02   4.8994452e+01   4.4875202e+01
   1.7009042e+02   5.6165124e+01   8.0374915e+01
   2.6801146e+02   1.0564222e+02   4.9666632e+01
   2.6123514e+02   7.8758138e+01   2.1476262e+02
   2.5800881e+02   7.2568584e+01   1.9461525e+02
   5.6903655e+01   3.4980737e+01   1.0892704e+02
   2.8247381e+02   1.3929099e+02   2.4565366e+02
  -4.4719976e+01   1.2008101e+02   1.9661929e+02
   7.6086612e+01   6.0520802e+01   3.5146321e+01
   2.7659805e+02   1.6022856e+02   7.5495915e+01
   1.3181019e+02   1.1363303e+02   1.2942906e+02
   9.3919844e+01   8.3897102e+01   9.1509041e+01
   8.0622428e+00   1.0429370e+02   2.6929835e+01
  -7.2613484e+01   3.2502014e+01   1.3943476e+02
  -2.8725705e+01   4.4531547e+01   2.6322618e+02
  -4.6269587e+01   2.3791217e+01   2.2956692e+02
   1.2084292e+02   5.2396459e+01   3.5108824e+02
  -4.8121334e+01   1.2964092e+02   1.9800892e+02
   2.1046096e+02   1.1236202e+02   4.8467241e+01
   1.2558632e+02   1.3672688e+02   2.2891787e+02
   7.3219610e+01   1.1699741e+02   2.4489408e+02
   1.8205776e+01   1.1635370e+02   2.3820317e+02
   1.6703050e+02   9.9443638e+01   1.1918953e+02
   2.2866250e+02   7.8119987e+01   1.5144876e+02
   1.2596625e+00   6.0975606e+01   2.4659108e+02
   1.4039691e+02   8.7356483e+01   1.7295319e+02
  -4.6918653e+01   1.1975445e+02   3.7014460e+01
  -5.2535598e+01   7.7490878e+01   3.2754033e+02
   1.9055242e+02   1.3045040e+02   2.0596488e+02
  -1.9709238e+01   8.7930653e+01   1.5294090e+02
   8.2961581e+01   3.7346008e+01   3.6847844e+01
   1.3315093e+02   1.2375334e+02   1.3793113e+02
  -4.4361346e+01   9.0363738e+01   1.6359043e+02
  -5.7357483e+01   4.6177572e+01   3.4243482e+02
  -4.6054849e+01   8.1627238e+01   2.0986052e+02
   1.7845791e+00   1.3038402e+02   1.4091671e+02
   2.1676141e+02   7.1373171e+01   2.9540548e+02
   6.4873779e+01   1.3778322e+02   2.0090800e+02
   9.6541905e+00   5.9066699e+01   2.4654714e+02
   7.7720624e-01   8.2090617e+01   6.6336883e+01
   1.2928816e+02   5.9775842e+01   1.4742887e+02
   2.8673657e+01   7.1669080e+01   3.5515948e+02
  -2.6553596e+00   1.2256586e+02   2.9494238e+02
  -2.1103917e+01   1.2501308e+02   2.8210429e+02
   2.3292023e+02   5.4763211e+01   1.5573296e+02
   1.2159225e+02   1.4454091e+02   2.1711740e+02
   1.5317412e+02   9.6267090e+01   3.1760080e+01
  -3.4071270e+01   6.0634581e+01   1.3625916e+02
   1.8941331e+02   7.0669308e+01   2.7702166e+02
   2.4540807e+02   1.1365377e+02   7.1786716e+01
   8.4447709e+01   5.6967784e+01   1.2710730e+02
   7.1911101e+01   1.0681066e+02   7.8364260e+01
   2.7569519e+02   4.1683404e+01   2.6841516e+01
   7.3987259e+01   1.4506079e+02   1.1898539e+00
  -6.2535144e+00   7.0012469e+01   3.2861035e+02
   8.3836664e+01   6.2168257e+01   2.8242184e+02
   2.4133268e+02   6.2976332e+01   6.8985040e+01
   1.1479785e+02   6.4339556e+01   1.6208587e+02
  -2.9012233e+01   1.4691555e+02   2.4545841e+02
   2.5914668e+02   4.9400485e+01   2.8746159e+02
   2.2341106e+02   8.7986745e+01   2.1171478e+02
   1.1530059e+00   6.1769581e+01   1.6850393e+02
   7.6219865e+01   5.1565135e+01   2.1264300e+01
  -1.4430868e+01   1.4635729e+02   4.6215247e+01
   5.2700679e+01   3.8428790e+01   2.8932634e+02
   5.6241127e+01   3.9088054e+01   2.7350268e+01
  -4.1093049e+01   1.2858448e+02   2.1306503e+02
   2.5361098e+01   5.5893302e+01   1.2454008e+02
  -1.2695167e+01   6.8547004e+01   6.9381390e+01
   1.2360363e+02   8.2028597e+01   4.4308115e+01
  -2.7716927e+01   4.6045534e+01   3.1358066e+02
   8.7453103e+01   1.3999893e+02   2.1844055e+02
  -9.2260404e+00   1.2114099e+02   2.5824747e+01
   1.8073958e+02   1.3830974e+02   2.4675827e+02
   7.2044232e+01   6.7861012e+01   1.0884244e+02
  -4.9424339e+01   5.7818417e+01   1.3151129e+02
   5.2795611e+01   1.2619801e+02   1.8428672e+02
   1.5794887e+02   1.5429786e+02   2.2193968e+02
   7.8101888e+01   6.7370965e+01   2.9971692e+02
   1.9764061e+02   1.1442036e+02   3.8045366e+00
   2.1322100e+02   6.1267922e+01   3.1066090e+02
   1.2467107e+01   6.0284136e+01   1.8792246e+02
  -7.1600893e+00   8.6015999e+01   1.3818915e+02
  -2.0015069e+01   1.1013016e+02   2.1152004e+01
   2.8183697e+02   3.2643402e+01   2.5714963e+02
   2.7589890e+02   4.8933787e+01   2.8012162e+02
   1.3543283e+02   1.3940470e+02   3.1401256e+02
   2.5726398e+02   6.2728656e+01   3.4856449e+01
   2.5695643e+02   8.7364556e+01   2.5799390e+02
   2.3883919e+02   5.9565603e+01   1.1941534e+02
   8.7468968e+01   1.3899411e+02   4.3146136e+01
   2.8229835e+02   1.3950112e+02   2.4268083e+02
  -2.3516014e+00   1.4461901e+02   1.1650665e+02
   2.2231184e+02   1.2434732e+02   3.3122868e+02
   1.8582826e+02   5.9726964e+01   3.0947618e+02
  -4.2010889e+01   4.9869595e+01   1.6432101e+02
   2.6922046e+02   1.4549574e+02   2.2576349e+02
   6.0204178e+01   6.9761955e+01   3.1182615e+02
   1.7821842e+02   8.1022416e+01   1.3949174e+02
   1.9253987e+02   6.5110973e+01   2.4306071e+02
   4.2880206e+01   1.0492039e+02   5.8830586e+01
   2.4939628e+02   1.5901078e+01   8.6153699e+01
   2.3476319e+02   2.2377138e+01   1.0250871e+01
   8.0904746e+01   6.1780037e+01   2.8543227e+02
   2.5549062e+02   6.1757794e+01   1.8253838e+02
   2.7538403e+02   1.0129524e+02   9.4988323e+01
  -2.0458150e+01   1.2876811e+02   2.6948073e+02
   1.6807372e+02   5.4185032e+01   2.3261751e+02
  -3.0663222e+01   1.0278491e+02   1.5509459e+02
  -5.2304702e+00   3.9624702e+01   3.4206591e+02
   2.4206025e+02   6.4471404e+01   2.9907859e+02
   1.7746472e+01   7.9021531e+01   3.0414249e+01
   1.8714375e+02   7.5143937e+01   5.9142480e+00
   2.9551162e+01   8.1779710e+01   1.3419964e+02
   2.7577285e+02   1.3697280e+02   3.3534375e+02
   2.7882334e+02   1.3752315e+02   1.5874393e+02
   5.4118428e+00   2.2879719e+01   2.2125957e+02
   1.3993519e+02   1.2136418e+02   7.6865817e+01
  -1.2328118e+01   1.1134271e+02   2.7131772e+02
   2.6329739e+02   1.2581095e+02   6.6862011e+01
   9.4568992e+01   1.3106420e+02   7.4348470e+01
   1.3207968e+02   1.1531481e+02   2.5633918e+02
   9.0233800e+01   3.3277400e+01   1.4635063e+02
   2.4285767e+02   5.1895830e+01   8.7455187e+01
  -7.2659284e+01   1.7267514e+01   1.9055220e+02
   2.7805868e+02   3.3501955e+01   2.8902071e+02
   2.5850405e+02   4.5200289e+01   3.1131971e+02
   1.7597959e+00   9.2011540e+01   2.1361510e+02
   2.1466211e+02   7.1728569e+01   2.0007627e+02
   5.7268018e+01   1.3082888e+02   2.8525420e+02
  -1.6414708e+01   5.2383326e+01   2.7775523e+02
  -4.2637283e+01   4.6495133e+01   3.3400826e+02
  -5.6220937e+01   5.8455232e+01   1.6352092e+02
   2.6194420e+02   1.2098282e+02   3.3362689e+02
   2.4283984e+01   1.2424932e+02   1.2855156e+02
  -4.7535007e+01   1.0573572e+02   1.3426273e+02
   1.4896773e+01   8.4319109e+01   1.1992914e+02
   2.1647897e+02   1.0571106e+02   1.4261501e+02
   2.4941423e+02   8.2891252e+01   1.5696053e+02
  -7.2442243e+01   3.1929947e+01   3.4667480e+02
   7.9040983e+01   1.1503538e+02   3.5520663e+02
   1.2173159e+02   6.4064483e+01   3.2262925e+02
  -4.3666555e+01   1.1005745e+02   2.6476751e+02
   1.3700247e+02   6.9269208e+01   7.9456048e+01
   1.4734134e+02   6.0438176e+01   1.4259897e+02
   2.5421470e+02   6.8110054e+01   2.1259592e+02
   7.1838721e+01   4.8157093e+01   2.4889081e+01
   1.4552806e+02   1.5620537e+02   3.1892252e+01
   1.4355203e+02   5.0156778e+01   1.5406596e+02
  -6.0475197e+01   2.1823380e+01   9.4474946e+01
   3.3032107e+01   7.0433899e+01   1.3221102e+02
  -5.7731498e+01   1.3735841e+02   5.4524755e+01
   2.5882713e+02   1.2634467e+02   3.4052206e+02
   8.9672087e+01   1.3657483e+02   1.3109029e+02
  -4.5104006e+01   5.5014005e+01   6.8737593e+01
  -4.4261290e+01   3.6866269e+01   3.1109617e+02
   2.2002978e+02   7.2250258e+01   2.4517585e+02
   1.7658671e+02   1.0986226e+02   3.6766260e+01
   1.2298012e+02   1.7201663e+01   3.1934813e+02
  -2.6667467e+00   7.0932475e+01   1.6820707e+02
   7.6395832e+01   4.3389066e+01   1.1036506e+02
   5.7536424e+01   5.6607268e+01   3.3042693e+01
  -4.8599413e+01   1.1176533e+02   4.1757955e+01
   1.3975855e+02   5.1283476e+01   1.4247308e+02
   1.5467540e+02   3.3770209e+01   1.9255607e+02
  -5.8681376e+01   1.3536960e+02   2.9202577e+01
  -5.5038321e+01   5.5511172e+01   3.3498155e+02
   1.8446844e+02   1.4236456e+02   4.9879382e+01
   4.2932538e+01   1.3008764e+02   2.3830272e+02
   1.3377120e+02   1.4637024e+02   1.2746704e+02
  -5.2426209e+01   4.9002640e+01   1.4280054e+02
   7.7749606e+01   2.8434920e+01   1.1549970e+01
   2.7721792e+02   1.3328389e+02   6.1910662e+01
   2.5733519e+02   1.3299011e+02   6.8107999e+01
   6.8329952e+01   1.0756129e+02   3.1140275e+02
   1.2151383e+02   1.2889100e+02   1.1495275e+02
   1.1068478e+02   6.2027201e+01   9.8431154e+01
   2.5306106e+02   1.6245501e+02   2.7382205e+02
   1.9486816e+02   1.4161475e+02   3.3794297e+02
   1.7366626e+02   7.2914835e+01   2.3841685e+02
   2.7134696e+02   1.4174930e+02   5.5138642e+00
   1.9765501e+02   1.1587221e+02   2.3146018e+01
   8.2711691e+01   4.3484541e+01   2.4022493e+02
   8.8978983e+01   1.4130542e+02   2.0260525e+02
   1.0916983e+02   8.1478628e+01   8.5145381e+01
   9.0996339e+00   3.2445068e+01   3.2136338e+02
   1.7969828e+02   1.1097260e+02   3.0188634e+02
   8.3287209e+01   1.6913940e+01   1.6617913e+02
  -2.3081596e+01   3.6020871e+01   2.1786616e+02
  -4.7060896e+01   1.2307044e+02   3.3666485e+01
  -2.8595570e+01   6.2996803e+01   7.1293720e+01
  -5.4270326e+01   1.1804033e+02   1.1753874e+02
   2.6393254e+02   1.2807822e+02   3.3621828e+02
   1.1341977e+02   1.5398195e+02   1.1322048e+02
   1.3200700e+02   4.1733516e+01   2.2967871e+02
   7.0366285e+01   1.0008374e+02   4.8553609e+01
  -5.5213088e+01   1.1212968e+02   3.3412416e+02
   5.6155984e+01   9.8832462e+01   3.4484800e+02
  -3.9512649e+01   3.3942448e+01   3.5613772e+02
   1.3028289e+01   6.4234394e+01   2.1058990e+02
   1.4458879e+02   1.1551099e+02   8.0162554e+01
   1.8585758e+02   8.1580273e+01   5.0835540e+01
   2.8834499e+01   1.2432753e+02   2.3378958e+02
   5.4243011e+00   8.1378799e+01   1.3246573e+02
   2.5862334e+02   1.1803955e+02   6.3532889e+01
  -4.6615268e+01   1.5153534e+02   3.1677975e+02
   1.3403991e+02   5.2186887e+01   2.5674059e+02
   8.4726724e+01   1.3049677e+02   1.4826494e+02
   4.3983653e+01   6.4071040e+01   1.0535771e+01
   1.9373810e+02   3.6650777e+01   2.1470536e+02
   2.0637843e+02   1.5277513e+02   1.2515570e+02
  -3.2111571e+01   4.3929279e+01   1.6019827e+02
  -6.2428129e+01   1.3983458e+02   3.0827257e+02
   8.8271770e+01   1.4306245e+02   2.2363900e+02
   8.6439678e+01   1.4158896e+02   3.1808888e+02
   8.0155946e+01   1.6989539e+02   5.2597034e+01
   6.3171159e+01   3.8813710e+01   1.5470531e+02
   1.8793105e+02   1.0068010e+02   1.3179589e+02
   1.4147648e+02   1.0634569e+02   1.0954979e+02
  -2.2676044e+01   6.4165089e+01   6.3613106e+01
  -3.9176826e+01   6.5051593e+01   2.0984093e+02
   1.3352183e+02   1.3567996e+02   3.1879105e+02
   1.0992316e+02   1.3046065e+02   1.5088044e+02
  -5.4633563e+01   1.1676069e+02   1.1090942e+02
   8.2192493e+01   5.6275144e+01   1.2286727e+02
  -8.3803703e+00   4.2327290e+01   1.0894129e+02
  -6.3353185e+01   4.7152747e+01   1.3226013e+02
   1.8609987e+02   1.3338329e+02   1.6378962e+02
   2.5698806e+02   1.2343362e+02   2.5398532e+02
   4.2060907e+01   7.8152190e+01   2.2753676e+02
  -6.1100819e+01   3.4520132e+01   1.4540024e+02
   2.5540520e+02   1.1783352e+02   1.4625783e+02
  -1.1911131e+01   1.2216663e+02   3.2122215e+02
   2.7398355e+02   6.8481749e+01   9.3262714e+00
   3.4137391e+00   1.1601076e+02   2.1186459e+02
   1.7389582e+02   6.1619035e+01   4.6603590e+01
   2.3050829e+02   6.8153664e+01   1.5141253e+02
  -1.8666877e+01   1.0606743e+02   2.0323661e+02
   1.9551996e+02   5.7033378e+01   2.2290607e+02
   2.8235239e+01   7.2654411e+01   3.0113165e+02
