   2.4418349e+02   5.7261620e+01   2.4638073e+02
  -1.2134826e+01   1.1068360e+02   3.0607780e+02
  -4.7537988e+01   1.4153942e+02   3.3071912e+02
   2.3541561e+02   1.1409388e+02   2.4354075e+02
   6.6035583e+01   4.9970759e+01   2.0780521e+02
  -8.8825449e+00   1.0449555e+02   1.3341626e+02
   2.3145489e+02   1.2473708e+02   1.3973789e+02
  -1.0361909e+01   6.7170802e+01   5.9820537e+01
   1.2553393e+02   1.3584107e+02   8.2654283e+01
   2.4422809e+02   4.3842373e+01   5.1892918e+01
   8.8792812e+01   1.4071812e+02   2.0704796e+02
   2.0725263e+02   1.2340638e+02   4.7077702e+01
   5.7384503e+01   6.5090369e+01   2.1899626e+02
   2.6448662e+02   4.9105517e+01   1.7105020e+02
  -8.2209216e+01   1.1785020e+02   2.6915668e+02
   2.4845224e+02   3.7735314e+01   1.3302473e+02
   1.6506614e+02   5.8310826e+01   3.3011849e+02
   2.0368119e+02   1.2379275e+02   1.0254863e+02
  -3.9166966e+01   1.2378629e+02   2.7503922e+01
   1.2767899e+02   9.6078759e+01   1.4016342e+02
   1.6631242e+02   6.0622787e+01   5.7337053e+01
   8.2920923e+01   1.4073697e+02   1.5304735e+02
   1.2546523e+02   5.4116618e+01   2.3487339e+02
   1.9460570e+02   1.1236998e+02   3.1337219e+02
   9.0632359e+01   1.3490492e+02   3.3170750e+02
   1.7949084e+02   5.0474939e+01   2.2022314e+02
  -8.6463950e+01   7.9946912e+01   1.3203134e+02
  -2.0375381e+01   4.2063982e+01   2.3225391e+02
  -2.8950541e+01   5.8808745e+01   3.3244670e+02
   4.8525422e+01   6.1904159e+01   2.2214418e+02
   6.7952595e+01   6.6159131e+01   1.2156721e+02
  -8.5582875e+01   1.4706401e+02   1.3126287e+02
   2.2169305e+01   1.2267529e+02   2.4563893e+02
   2.3122650e+02   4.4873733e+01   5.9597122e+01
  -6.9261842e+01   9.3311995e+01   2.3981013e+01
   6.2371047e+01   1.0993262e+02   1.6229631e+02
   2.4490284e+02   1.3706736e+02   3.4019146e+02
   1.2685127e+02   1.3798728e+02   1.8358588e+02
   1.0907422e+02   5.8499906e+01   7.3083478e+01
   1.7243129e+02   9.4884042e+01   3.4333684e+02
   2.3197137e+02   1.1489737e+02   1.6916558e+02
   1.7333965e+01   1.0266632e+02   2.4657834e+02
   2.4741601e+01   1.1779468e+02   1.4609725e+02
   4.0262105e+01   7.0016846e+01   3.3584441e+02
  -2.6302888e+01   1.1194822e+02   3.0297307e+02
  -1.6671913e+01   1.2245751e+02   2.8501824e+02
   1.0090119e+02   1.2558805e+02   1.7793935e+02
   2.4379315e+02   7.7306171e+01   4.9219006e+00
  -1.4418422e+01   7.7018552e+01   8.6477424e+01
   2.6352664e+02   8.0928717e+00   1.5763717e+02
   5.9890984e+01   1.1607296e+01   3.1967218e+02
   6.7188407e+00   6.3532893e+01   3.2875897e+02
   1.7306614e+02   4.8944705e+01   2.2451623e+02
   1.1715790e+02   5.9378267e+01   3.3729751e+02
   1.0227961e+02   1.0559839e+02   1.6891654e+02
   2.6526313e+02   4.8795154e+01   6.7322168e+01
   4.5040830e+01   1.3506211e+02   2.9669419e+02
   4.7666160e+01   5.5599188e+01   1.3055218e+02
   5.6003886e+01   1.2360770e+02   1.1881942e+02
  -1.1822592e+01   7.2968816e+01   2.4003210e+02
  -6.3305849e+01   1.4103363e+02   1.3613357e+02
   2.6082960e+02   4.0694335e+01   2.9686059e+02
  -6.2077001e+01   1.3176075e+02   1.4521869e+02
   5.4184067e+01   1.2159481e+02   7.8067179e+01
   2.1425306e+02   1.0588842e+01   1.2538512e+02
   2.2291911e+02   5.4052536e+01   2.0661550e+02
  -6.4173782e+01   5.6628191e+01   4.4556823e+01
   4.0506982e+01   1.9799076e+01   1.6791415e+02
  -2.7136008e+01   9.8296701e+01   2.9926736e+01
   5.7701215e+01   6.9410879e+01   1.2270517e+02
  -5.0548729e+01   1.3509531e+02   1.4424659e+01
   2.3888898e+02   6.4143637e+01   1.9681980e+02
  -7.5416936e+01   1.1515375e+02   3.4661126e+02
   5.7016410e+01   1.2677525e+02   3.3430287e+02
   1.7277758e+02   8.9993920e+01   3.0354226e+02
  -7.9454206e+00   7.8104114e+01   6.6453380e+01
   3.6445580e+01   9.3654064e+01   1.5128288e+01
   2.5739127e+02   4.5633442e+01   1.3497428e+02
   2.3075374e+02   8.2110079e+01   1.6043113e+02
   1.7711260e+02   7.1062232e+01   6.4807457e+01
   8.4226429e+01   3.3829791e+01   1.4246693e+02
   2.4688765e+02   1.5105626e+02   2.3992667e+02
   6.7951192e+01   1.1551793e+02   3.4138011e+02
  -2.5776111e+01   1.1279925e+02   1.0420209e+02
   1.3002198e+01   5.9172483e+01   1.5321343e+01
   2.6826341e+02   3.8188568e+01   3.6544723e+01
   1.4764821e+02   6.7416787e+01   1.4529741e+02
  -1.4611178e+01   9.9599034e+01   3.4926345e+02
   2.4535157e+01   1.4532930e+02   2.4096639e+02
   2.3374286e+02   5.7660779e+01   2.6286240e+02
   2.5593183e+02   5.6456037e+01   2.6629752e+01
  -8.7484682e+01   1.0481988e+02   3.9475565e+01
  -6.0559295e+01   4.0421568e+01   3.3299146e+02
  -2.7401026e+01   9.1317563e+01   1.7818797e+02
   1.8638599e+02   1.1447342e+02   3.3315408e+02
  -2.6794509e+01   7.7034880e+01   2.4196939e+02
   5.7944925e+01   5.4938755e+01   2.1345605e+02
   9.2642325e+01   4.5707998e+01   1.5241046e+02
   1.5768850e+01   7.3907334e+01   1.1477842e+02
   2.2437014e+02   9.0243519e+01   3.5704169e+02
   2.0645435e+02   3.2511861e+01   2.7158641e+02
   2.6957593e+02   1.0779637e+02   1.1720092e+02
   4.4835511e+01   1.6290953e+02   1.3614905e+02
   2.4338550e+02   5.1049580e+01   1.4671674e+02
   1.3088452e+02   5.2574637e+01   6.0284535e+01
   1.2404885e+02   1.2954823e+02   5.9612616e+01
   9.2914025e+01   1.5460457e+02   2.0463075e+02
   7.2395796e+01   1.2739942e+02   3.2744767e+02
   1.7945949e+02   5.3679306e+01   2.6364815e+02
   9.7881397e+01   3.7334530e+01   3.3478431e+02
   5.3969453e+01   1.9646647e+01   1.4758233e+02
   8.7016749e+00   7.4835833e+01   1.3542728e+02
   2.4539586e+02   6.1098162e+01   2.2091485e+02
   6.3966934e+01   1.1625896e+02   3.4992324e+02
   1.1282006e+02   6.2613495e+01   2.4848286e+02
  -7.4801054e+01   6.4649341e+01   3.0821721e+02
   1.9680407e+02   7.7539991e+01   3.4076930e+01
  -3.3280905e+01   1.4349221e+02   1.3856103e+02
   1.2395039e+02   6.7682479e+01   3.3831116e+02
   4.0086618e+01   3.4109881e+01   9.8325206e+01
  -6.8812599e+01   5.5295872e+01   3.0040641e+02
   1.2406619e+02   1.3122513e+02   1.1358439e+02
   2.1360973e+02   1.3413661e+02   1.7720831e+02
   2.3039415e+02   9.9080683e+01   1.6946814e+02
   1.0989767e+02   1.1309093e+02   1.4390613e+01
  -6.8798071e+01   2.4537919e+01   5.2285541e+01
  -1.7102685e+01   1.2839104e+02   3.6104440e+01
  -6.9379838e+01   1.2297578e+02   1.1629976e+02
  -5.8546920e+01   1.1694695e+02   1.0906573e+02
   4.8968864e+01   1.1832332e+02   3.2511354e+02
   1.1630625e+02   1.5318352e+02   3.5404356e+02
   4.7352745e+01   3.5268951e+01   1.4128563e+02
   6.7316484e+01   1.3467960e+02   2.7967858e+01
  -5.8027530e+01   1.4702869e+02   9.4507569e+01
  -6.0700771e+01   5.7582765e+01   6.1842979e+01
  -1.8990692e+01   5.6953471e+01   2.3088734e+02
   1.8734770e+02   1.0212880e+02   1.4146860e+02
   6.8834965e+01   6.4786322e+01   2.0448763e+02
   1.1602446e+02   1.1094880e+02   1.1443609e+02
   2.4029225e+02   1.4065972e+02   1.2848034e+02
   1.8926035e+02   6.4974254e+01   1.3062120e+02
   2.5596205e+02   1.3357831e+02   7.6072591e+01
   1.7421386e+02   1.4931214e+02   2.3160333e+02
   2.6644628e+02   3.6125947e+01   1.9542845e+02
   5.4055736e+01   4.5217483e+01   1.3710288e+02
  -3.7718141e+01   8.7231901e+01   3.4685367e+01
   1.3169827e+02   5.6197326e+01   8.8863755e+00
   1.9735444e+02   1.4898277e+02   1.1220431e+02
   2.0528318e+02   7.1174310e+01   3.4351414e+02
   4.2705120e+01   9.7484928e+01   3.2590744e+02
  -1.8389925e+01   7.3592642e+01   2.3898171e+02
   2.4344467e+02   5.5803474e+01   2.0472916e+02
  -8.0116230e+01   3.7121914e+01   1.9371487e+02
   2.0157728e+02   1.0221807e+02   2.6222282e+02
  -6.8155193e+01   7.7949306e+01   2.3605763e+02
  -5.7329702e+01   6.9582733e+00   2.2183749e+02
   2.0001083e+02   1.3810766e+02   7.6901093e+01
   2.5998736e+02   4.0691058e+01   1.2155429e+02
   1.0691313e+02   1.2715765e+02   2.5478569e+02
   1.1523125e+02   1.2415746e+02   2.1559876e+02
   2.3224473e+02   3.9146834e+01   6.7496133e+01
  -2.2730846e+01   1.5160180e+02   3.2176833e+02
   2.0968581e+02   1.4645590e+02   2.0919805e+01
  -7.7770949e+01   6.9558448e+01   3.3831633e+02
  -6.7449682e+01   8.0115288e+01   1.1629132e+02
  -5.7804926e+01   1.4450691e+02   1.3242282e+02
   1.2601064e+02   1.5754182e+02   3.0725860e+02
  -6.8374034e+01   1.4246055e+02   4.3763472e+01
  -5.9281522e+00   1.0163534e+02   2.7001633e+02
  -1.0905713e+01   8.5674510e+01   1.7016035e+02
   2.4840653e+02   1.2180496e+02   2.3724547e+02
   2.4862072e+02   1.1973362e+02   3.4441565e+02
   5.9939794e+01   1.1228142e+02   5.9802753e+01
   3.3301370e+00   1.2462720e+02   1.0891611e+02
   1.2574266e+02   1.0321846e+02   2.1683598e+02
  -8.1307098e+01   1.2886044e+02   3.7879407e+01
   1.8154229e+01   1.0503224e+02   1.4161371e+02
   1.6016954e+02   3.4150971e+01   7.6461065e+01
   2.4196607e+02   1.0600574e+02   2.5048625e+02
   5.0256498e+01   6.1363620e+01   2.1435919e+02
   1.4600717e+02   8.5215359e+01   1.0656781e+02
  -1.9394238e+01   1.1599411e+02   2.8485814e+02
   2.0477855e+02   7.9475155e+01   2.8923270e+02
  -9.5312268e+00   7.7077211e+01   2.2700456e+02
   7.5632699e+01   1.3923263e+02   5.4386376e+01
   1.3811161e+02   1.2937140e+02   6.9043154e+01
   5.4647330e+01   1.0848125e+02   1.1633928e+02
   3.8823119e+01   4.5367920e+01   3.3601085e+02
  -5.5216411e+01   6.1842487e+01   2.4394511e+02
   7.3435536e+01   2.1772755e+01   2.4034270e+02
   2.6311869e+02   6.0539368e+01   2.7056175e+02
   1.6250536e+02   1.1703964e+02   1.2307492e+02
   2.1201609e+02   8.5793361e+01   2.7050400e+02
  -1.0978819e+01   6.1249974e+01   5.5559090e+01
   5.0404831e+01   3.9173723e+01   3.5020650e+02
   2.6597399e+02   2.8795783e+01   7.7702515e+01
   6.9381290e+01   4.0780909e+01   1.3216582e+02
   2.3028335e+02   6.0038217e+01   1.5404759e+02
  -6.3349395e+01   7.0448811e+01   7.6462222e+01
   2.0212142e+02   1.3609727e+02   1.0894808e+02
   8.9462610e+01   1.4299808e+02   2.9791502e+02
  -1.4357896e+01   7.8640271e+01   5.0637848e+01
   2.0827540e+02   1.1508332e+02   6.3566246e+01
   2.0601060e+02   1.7222452e+02   3.0766413e+02
   2.5617010e+02   1.4168498e+02   3.4141721e+02
   2.2136228e+02   5.4372785e+01   1.4294328e+02
   3.1948073e+01   8.8396263e+01   2.6437314e+02
  -6.7225001e+01   1.2254280e+02   2.3079295e+02
   6.0705165e+00   6.5967568e+01   3.1148513e+02
  -7.5152257e+01   3.8935122e+01   7.0219373e+01
  -5.6674817e+01   7.2452601e+01   1.4065285e+02
   2.4058968e+02   3.8772000e+01   3.0087463e+02
   1.5167160e+02   4.2581315e+01   3.5772006e+02
   2.5016956e+02   1.0772462e+02   1.1333097e+02
   1.1590759e+02   4.5610233e+01   2.1947209e+02
   1.4627117e+02   1.0979814e+02   1.4531456e+01
   2.4903619e+02   1.2769050e+02   3.3417027e+02
   7.6993715e+01   1.4611419e+02   1.4157955e+02
   5.9889637e+01   1.1435957e+02   1.2449794e+02
   6.6891884e+01   5.4966991e+01   2.2786780e+02
  -3.0217104e+00   1.6673721e+02   2.9884859e+02
   3.6356916e+01   1.1614441e+02   2.9588856e+02
   1.6613316e+02   1.3686095e+02   4.4633821e+01
   1.6190655e+02   4.4303680e+01   1.1797360e+02
   5.4220622e+00   1.1275625e+02   3.1354354e+02
   2.1243930e+02   1.0978399e+02   1.4654443e+02
   8.5938125e+01   1.3425041e+02   3.2999932e+02
  -9.6396480e+00   1.0917951e+02   3.4036645e+01
   2.0533410e+02   8.3973275e+01   2.2652917e+02
  -2.6047270e+01   1.2560075e+02   2.4829239e+01
   2.8786795e+01   1.5140322e+02   2.5857064e+01
   1.9871983e+02   7.6389615e+01   2.2691605e+02
  -5.6135714e+01   4.6176779e+01   2.4433469e+02
   1.5346253e+02   1.0897036e+02   3.0365044e+02
   2.0943423e+02   2.2243520e+01   1.2937998e+02
   6.3603919e+01   1.1344085e+02   5.5259505e+01
  -8.8460279e+01   4.9435026e+01   5.2725205e+01
   9.6027658e+01   5.6843212e+01   1.2658255e+02
  -6.5011697e+01   1.2168222e+02   1.1328887e+02
   2.5018889e+00   1.2224730e+02   1.7865094e+01
   1.2812135e+02   2.9518633e+01   2.9302882e+02
   1.1776511e+02   4.6819871e+01   3.1947648e+02
   2.5612082e+02   5.5973181e+01   4.3297994e+00
  -6.7183760e+01   8.9129119e+01   8.9915931e+01
   6.6766864e+01   1.2474714e+02   1.5394951e+02
   1.6899626e+02   8.0509560e+01   1.9234193e+01
   2.3472341e+02   8.0042070e+01   1.2664801e+02
  -1.9733694e+01   9.9145608e+01   1.3456278e+02
   1.1989737e+02   5.6873528e+01   2.4661367e+02
   1.7129909e+02   1.1659775e+02   3.1942693e+01
   2.3316046e+02   4.8227426e+01   2.5205912e+02
   2.0577808e+02   1.3359186e+02   1.5892671e+02
   1.4974034e+02   1.4137980e+02   3.1646367e+02
   1.4640337e+02   8.7336906e+01   7.3235934e+01
   4.7481720e+01   5.5179252e+01   2.9562649e+02
   2.6137717e+02   1.1895924e+02   5.7716889e+01
   1.0279504e+02   8.3936030e+01   3.8179122e+01
  -3.6705814e+01   1.3226537e+02   8.4699330e+01
   1.3153415e+02   1.3452750e+02   2.1977529e+02
   4.4609357e+01   1.5158093e+02   2.1449176e+02
   6.7943879e+01   9.7756525e+01   1.9260762e+02
   1.2569938e+02   9.1162577e+01   2.3472413e+02
   1.1190061e+02   5.9343638e+01   2.3924206e+02
   9.9068851e+00   1.0826386e+02   1.3615769e+02
   2.5641563e+02   5.6090970e+01   1.9445888e+02
   1.8998156e+02   1.0302033e+02   1.2814445e+02
   2.2606878e+02   1.7168426e+02   2.7312423e+02
  -4.8271169e+01   1.1849792e+02   1.1011396e+02
   2.6486623e+02   1.0835114e+02   1.0590836e+02
   2.1861161e+02   1.6667780e+02   1.8666100e+02
   6.8978213e+01   6.6318500e+01   2.5930103e+02
   3.1602337e+01   1.1320627e+02   1.5077098e+02
   2.0938312e+02   4.5695382e+01   3.2810166e+02
   1.5352143e+01   9.9140205e+01   1.1657080e+02
   2.4982559e+02   4.7895523e+01   3.4041986e+01
   1.8916905e+02   7.9082212e+01   3.5173944e+01
  -8.5902072e+01   1.3804330e+02   3.0383986e+02
   9.3936925e+01   5.1539258e+01   8.1011520e+01
   1.9334701e+02   1.0329427e+02   3.3071384e+02
  -3.7256950e+01   1.2092138e+02   1.8291854e+01
  -5.8348275e+01   5.8808866e+01   3.3206813e+02
   1.8044538e+02   1.1526621e+01   4.1803828e+01
   4.6917588e+01   9.7678944e+01   1.1669936e+02
   5.6735421e+01   1.3707516e+02   3.2139160e+02
   7.6746099e+01   1.2391449e+02   7.1375093e+01
  -6.3027063e+01   5.7581434e+01   7.5986508e+01
   5.8560992e+00   2.2429971e+01   1.4628694e+01
   2.4312153e+02   4.3815423e+01   3.2223227e+02
   4.5374116e+00   9.7441487e+01   1.1871754e+02
   1.1974478e+02   1.2581120e+02   3.9119792e+01
   1.9141506e+02   1.1458879e+02   6.2499264e+01
   6.9523391e+01   1.2652298e+02   2.1060719e+02
   7.0732308e+01   5.9207073e+01   3.1898973e+02
  -6.2448179e+01   1.1923110e+02   2.1489122e+02
   2.6233129e+02   2.7298966e+01   3.2348267e+02
   1.9488994e+02   4.3866297e+01   1.9275027e+02
   1.0669339e+02   1.1441869e+02   1.9112985e+02
   1.3738353e+02   1.1680622e+02   2.7391131e+01
   1.1273812e+02   6.1881437e+01   3.4074311e+02
  -1.3869920e+01   1.0075371e+02   2.7186007e+02
   2.5148549e+02   2.5474780e+01   1.5001996e+02
  -7.9183073e+01   1.3058391e+02   2.9918269e+02
   1.5494104e+02   6.9096389e+01   2.3479102e+02
  -6.8921587e+01   9.3526556e+01   8.6859833e+00
  -8.1378702e+01   6.5508625e+01   7.2061517e+01
   1.5284170e+02   6.5246499e+01   5.5201452e+01
   9.6273937e+01   1.4832804e+02   3.0461770e+02
  -5.3063261e+01   4.6211344e+01   2.4237110e+02
  -1.4945609e+01   9.1070568e+01   8.1574718e+01
   7.7573243e+01   1.4085911e+02   1.5227795e+02
  -6.2180288e+01   1.2988613e+02   1.3332566e+02
   1.5942734e+01   1.0558619e+02   2.0094039e+02
   8.5925635e+01   1.3648155e+02   2.1480416e+01
   4.1770203e+01   7.6845902e+01   2.7769827e+01
   2.5359737e+02   1.2368981e+02   3.2349440e+02
  -6.9719938e+01   1.1350713e+02   2.8758324e+01
   2.1602311e+02   7.2127691e+01   1.5113902e+02
   1.2931478e+02   1.1893736e+02   3.0977350e+02
   2.4903332e+02   1.2489241e+02   2.0795083e+02
   2.4517276e+02   1.0181038e+02   3.3612003e+02
  -6.7032207e+01   8.3256824e+01   3.0276914e+02
   5.7447442e+01   2.4131241e+01   2.4276609e+02
   2.5108156e+02   3.9869619e+01   2.9201391e+02
  -9.7701786e+00   1.9496701e+01   2.7307291e+01
   2.6211514e+02   1.3207761e+02   3.3112307e+02
   6.5241540e+01   2.5071950e+01   5.3715440e+01
   8.8826459e+01   3.7460638e+01   1.9215963e+02
  -7.2876287e+01   7.4715481e+01   2.0557902e+02
   5.4521245e+01   1.2802827e+02   2.3436412e+02
   5.4380210e+01   5.0295387e+01   1.9551172e+02
   1.7346053e+02   1.1308016e+02   1.3927350e+02
  -8.7399717e+01   1.0084586e+02   3.8126050e+01
  -4.8772710e+01   1.1265550e+02   2.2426336e+02
  -1.0811510e+01   9.6453811e+01   2.5757623e+02
   1.5243872e+02   1.7053719e+02   1.1434132e+02
   7.6331391e+01   5.8934411e+01   3.1200840e+02
  -4.2532204e+01   1.0928915e+02   2.4789097e+02
   1.1721495e+02   4.0906887e+01   4.0783389e+01
   1.6356506e+02   5.7378128e+01   3.1556083e+02
  -5.8790814e+01   1.0563199e+02   2.5524355e+01
   4.8558774e+01   7.3009470e+01   1.1545384e+00
   4.0378861e+01   9.5966978e+01   1.5459747e+02
   2.5653564e+02   2.8291769e+01   1.2201680e+02
  -5.8475188e+01   1.6826996e+01   2.8285777e+02
   2.0379155e+00   9.0896042e+01   2.7760336e+02
  -7.7825482e+01   3.6390289e+01   6.8235205e+01
   5.8542395e+01   9.6697206e+01   2.3704173e+02
   1.6341417e+02   5.3465076e+01   1.4062823e+02
   1.3696313e+00   6.1980968e+01   3.3612458e+02
   1.7927225e+02   1.3937721e+02   8.5661150e+01
  -7.6522780e+01   4.9101402e+01   4.4147179e+01
   1.9128378e+02   6.0490043e+01   7.5393624e+01
   2.6827618e+02   1.2716257e+02   3.4738977e+02
   2.4108448e+01   8.0000217e+01   2.2400107e+02
   2.3912521e+02   4.3833848e+01   1.2262703e+02
  -6.7183154e+01   2.5683669e+01   4.1574720e+01
   4.3850848e+01   5.8254965e+01   4.1106500e+01
   5.9191816e+01   1.1320525e+02   2.1325184e+02
  -5.8354840e+01   8.0202002e+01   3.4795802e+02
   2.3200875e+02   1.2886458e+02   3.2735704e+02
  -6.8059339e+01   4.7807322e+01   5.9611661e+01
   3.5775281e+01   8.1387480e+01   1.8534255e+02
  -4.3407518e+01   1.2594848e+02   3.3879949e+02
   1.7152085e+02   6.9762208e+01   4.8750813e+01
   1.9557793e+01   1.5234912e+02   8.3142601e+01
   2.5063825e+02   1.2274715e+02   2.0128245e+02
   2.4322741e+02   1.1444294e+02   1.5575960e+02
  -6.7519677e+01   1.2550289e+02   1.2347655e+02
   1.2903636e+02   1.3887623e+02   2.3810821e+02
   1.8724612e+02   1.2031190e+01   3.0240789e+01
   2.0567062e+02   5.2209387e+01   2.9682468e+02
  -6.6693702e+01   4.7256406e+01   3.8658002e+01
  -5.2149047e+01   1.1521901e+02   1.3528767e+02
  -1.5658546e+01   1.0697509e+02   1.3727245e+02
  -4.8678289e+01   1.5606733e+02   6.3157138e+01
  -1.6808165e+01   8.5135695e+01   2.0286919e+02
   1.2333537e+02   1.1807389e+02   2.9285936e+02
  -8.6151141e+01   8.8955318e+01   3.4164881e+02
   1.5518212e+01   1.1262962e+02   6.3954001e+01
   7.8527436e+00   8.0547936e+01   2.3384896e+02
   1.4792450e+02   1.5534448e+02   7.1508586e+01
  -2.1995693e+01   6.7753998e+01   1.4771079e+02
  -5.5748400e+01   9.9794821e+01   3.0335944e+02
  -1.7730020e+01   4.1268430e+01   2.9695071e+01
   1.5686008e+02   9.1839466e+01   1.3198154e+02
  -5.1377071e+01   1.2770374e+02   3.5437269e+02
  -7.0073732e+01   1.4428840e+02   3.1018751e+02
   3.2845785e+01   1.2045729e+02   1.2579166e+02
   2.3463232e+02   1.0037014e+02   1.5544689e+02
   7.0918190e+01   1.5704690e+01   1.0087740e+02
   1.5948761e+02   1.0746615e+02   2.7141397e+01
   4.6279194e+01   6.5978128e+01   2.1168420e+02
  -4.4265617e+01   3.6364137e+01   8.1902851e+01
   9.7118850e+01   7.5189532e+01   4.8930378e+01
   2.4386994e+00   1.0519355e+02   3.2460954e+02
   9.9308936e+01   2.9141467e+01   1.3975087e+01
  -8.2731483e+00   1.1832464e+02   1.2505909e+02
  -3.2424922e+01   3.1050211e+01   1.5511739e+02
   6.1817390e+01   3.7153538e+01   2.0199615e+02
   1.6451530e+02   1.1445975e+02   4.0664205e+01
   7.7217801e+01   4.3185571e+01   2.6688336e+01
  -2.9790000e+01   6.6930350e+01   2.4777491e+02
   1.1112913e+02   1.5362295e+02   5.1814230e+00
   1.8237640e+01   1.4546515e+02   1.7188102e+02
   1.7480845e+02   1.2151760e+02   3.0025535e+02
   1.6806888e+02   1.0935651e+02   1.2590329e+02
   3.2462874e+01   1.0934336e+02   2.0829195e+01
  -7.3910767e+01   4.4880716e+01   1.1536600e+02
   5.6946719e+01   1.6589449e+02   1.3889288e+02
   8.1704350e+01   1.4580595e+02   1.9991644e+02
   2.5985286e+01   1.1888627e+02   2.6164234e+02
   3.8993131e+01   6.3735684e+01   3.4821142e+02
  -7.0480963e+01   1.4538553e+02   3.4928536e+02
   1.2278978e+02   1.4338327e+02   1.3593449e+02
   2.2596878e+02   7.0285149e+01   1.2167358e+02
   2.8320802e+00   6.1971748e+01   1.3113727e+02
  -7.6847974e+01   1.2405997e+02   1.2640847e+02
  -6.7910275e+01   1.4503947e+02   1.3975151e+02
   1.7946275e+02   4.3613420e+01   2.2553832e+02
   6.5610103e+01   1.4344777e+02   2.4729380e+01
   7.2838686e+01   1.2488074e+02   2.4736273e+02
   1.1243383e+02   1.0955517e+02   2.1756514e+02
   1.5679634e+02   5.3975883e+01   1.4011152e+02
  -6.1294464e+01   1.3181157e+02   3.0657247e+02
  -5.1439719e+01   1.3293345e+02   1.0964194e+02
   1.5315494e+01   9.5558593e+01   1.0395914e+02
  -2.8604425e+01   6.3054591e+01   5.2346216e+01
   5.9964612e+01   1.1562297e+02   1.3586764e+02
   6.7471534e+01   4.8611260e+01   5.7895962e+01
   1.6192141e+02   8.4521565e+01   8.2920770e+01
  -7.5260407e+00   1.9459204e+01   3.5418846e+02
   1.9763374e+02   1.3462103e+02   2.6204879e+00
   1.8388559e+02   4.2554337e+01   2.4963994e+02
   3.2671015e+01   9.1327027e+01   1.3652301e+02
  -7.1006933e+01   1.4166854e+02   1.9508025e+02
  -6.8285203e+00   7.9524655e+01   2.5700197e+02
   1.6516136e+02   1.7332553e+02   4.5970337e+01
   5.6320872e+01   9.1655372e+01   2.7922093e+01
   2.5019455e+02   6.2425927e+01   2.0456070e+02
   1.4532757e+02   8.5759513e+01   3.2229080e+02
  -6.0008200e+01   5.5418504e+01   2.6453148e+02
  -5.2774512e+01   1.3338156e+01   2.1994091e+02
   1.9108726e+02   8.9822157e+01   2.9020420e+02
  -3.5557797e+01   1.1493810e+02   1.1711599e+02
  -6.3317496e+01   1.1775494e+02   1.2657486e+02
   1.3427203e+00   1.0246040e+02   3.2637532e+02
  -2.5379628e+01   6.6023079e+01   6.9180558e+01
   1.6108868e+02   1.5423069e+02   1.2244491e+01
  -3.3642280e+00   7.2670489e+01   1.2321011e+02
  -5.1199354e+01   1.4117594e+02   2.2267237e+02
  -1.5716816e+01   9.3271390e+01   1.3009577e+02
   1.6144258e+02   5.9875460e+01   2.3932730e+02
   1.0830937e+02   8.3365554e+01   3.3968486e+02
  -5.2098745e+01   1.1332461e+02   2.9453124e+02
   2.4605203e+02   1.3204825e+02   5.0568189e+01
  -1.1159894e+01   1.1684455e+02   3.0176900e+02
  -1.6305802e+01   9.5103780e+01   4.6215312e+01
   7.9945236e+01   4.8646325e+01   3.2251367e+01
  -7.5410253e+01   7.6482505e+01   1.2964841e+01
  -7.8601412e+01   1.3618751e+02   4.1415236e+01
  -8.1708353e+01   2.6277679e+01   3.3330228e+02
   1.0526381e+02   1.4035691e+02   1.4467171e+02
   1.6301407e+01   1.1302799e+02   6.0896753e+01
  -8.8422361e+01   1.4660110e+02   3.5035879e+02
   1.1732282e+02   1.6415004e+02   3.2043853e+02
   7.0610089e+01   1.4564413e+02   2.1598860e+02
   2.4499540e+01   1.1479068e+02   1.3823654e+02
   2.1474425e+02   9.9889535e+01   1.4300898e+02
   1.2363001e+02   9.6658422e+01   6.7500914e+00
   1.7096274e+02   6.2855886e+01   3.2072196e+02
  -7.0814330e+01   4.4566982e+01   2.7800148e+02
   1.5753311e+02   1.2126076e+02   2.5008934e+02
  -4.3689853e+01   4.6630397e+01   1.4451643e+01
   1.8589564e+02   7.2451893e+01   2.1768533e+02
   2.4894651e+02   1.0449639e+02   2.6430098e+02
   1.1115154e+02   6.5460759e+01   1.4613230e+02
  -7.5966949e+01   1.6414829e+02   2.9208311e+02
   1.6396318e+02   6.0512655e+01   2.3320120e+01
   1.8569982e+02   1.3215377e+02   1.7517886e+02
   1.0554200e+02   6.1745714e+01   2.5411608e+02
  -4.5907521e+01   6.0628393e+01   2.4371945e+02
   1.6196619e+02   4.6908070e+01   3.3053595e+02
   7.6411399e+01   3.5181863e+01   2.0840487e+02
   1.6241354e+02   1.6375971e+02   3.5768082e+02
   5.2115570e+01   8.0172401e+01   1.4029050e+02
   2.3166942e+02   5.3259312e+01   2.5261971e+02
   1.0465966e+02   1.1971484e+02   1.0480191e+02
   1.2807741e+02   5.0134946e+01   1.3331234e+02
   9.1914356e+01   3.1191621e+01   6.9617167e+01
   7.9109430e+01   6.8702660e+01   7.7322365e+01
   1.2595889e+02   5.6814875e+01   1.4969370e+02
   1.3161238e+02   1.1381401e+02   1.7980142e+02
   1.9939404e+02   1.2585142e+02   3.2607589e+02
  -4.2934331e+01   8.5976295e+01   2.0026976e+01
   1.1155473e+02   5.0275512e+01   6.8836071e+01
   1.6328772e+01   1.0780422e+02   4.4259297e+01
  -4.3372128e+01   1.4466602e+02   1.4500498e+02
   2.1069002e+02   1.3058585e+02   1.2775789e+01
   7.0838052e+01   8.6300917e+01   1.7614975e+02
   2.4179176e+02   1.2514849e+02   1.0614368e+02
